0
1
2
3
4
5
6
7
8
9
10
11
12
13
14
15
16
17
18
19
20
21
22
23
24
25
26
27
28
29
30
31
32
33
34
35
36
37
38
39
40
41
42
43
44
45
46
47
48
49
50
51
52
53
54
55
56
57
58
59
60
61
62
63
64
65
66
67
68
69
70
71
72
73
74
75
76
77
78
79
80
81
82
83
84
85
86
87
88
89
90
91
92
93
94
95
96
97
98
99
100
101
102
103
104
105
106
107
108
109
110
111
112
113
114
115
116
117
118
119
120
121
122
123
124
125
126
127
128
129
130
131
132
133
134
135
136
137
138
139
140
141
142
143
144
145
146
147
148
149
150
151
152
153
154
155
156
157
158
159
160
161
162
163
164
165
166
167
168
169
170
171
172
173
174
175
176
177
178
179
180
181
182
183
184
185
186
187
188
189
190
191
192
193
194
195
196
197
198
199
200
201
202
203
204
205
206
207
208
209
210
211
212
213
214
215
216
217
218
219
220
221
222
223
224
225
226
227
228
229
230
231
232
233
234
235
236
237
238
239
240
241
242
243
244
245
246
247
248
249
250
251
252
253
254
255
256
257
258
259
260
261
262
263
264
265
266
267
268
269
270
271
272
273
274
275
276
277
278
279
280
281
282
283
284
285
286
287
288
289
290
291
292
293
294
295
296
297
298
299
300
301
302
303
304
305
306
307
308
309
310
311
312
313
314
315
316
317
318
319
320
321
322
323
324
325
326
327
328
329
330
331
332
333
334
335
336
337
338
339
340
341
342
343
344
345
346
347
348
349
350
351
352
353
354
355
356
357
358
359
360
361
362
363
364
365
366
367
368
369
370
371
372
373
374
375
376
377
378
379
380
381
382
383
384
385
386
387
388
389
390
391
392
393
394
395
396
397
398
399
400
401
402
403
404
405
406
407
408
409
410
411
412
413
414
415
416
417
418
419
420
421
422
423
424
425
426
427
428
429
430
431
432
433
434
435
436
437
439
440
441
442
445
446
447
448
449
450
451
452
453
454
455
456
457
458
459
460
461
462
463
464
465
466
467
468
469
470
471
473
474
475
476
477
478
479
481
482
483
484
485
486
487
488
489
490
491
492
493
494
496
497
498
499
500
501
502
503
504
505
506
507
509
510
513
514
515
516
517
518
519
520
521
522
523
524
525
526
527
528
529
531
532
533
534
535
536
537
538
539
540
542
543
544
545
546
547
548
549
550
551
552
554
555
556
557
558
559
560
561
562
563
564
565
566
567
568
569
570
571
572
573
574
575
576
578
580
581
582
583
584
585
586
587
588
589
590
591
592
593
595
596
597
598
599
600
601
602
603
604
605
606
607
608
609
610
611
614
616
617
618
619
620
621
622
623
624
625
626
627
628
629
630
631
632
633
636
637
638
639
640
641
642
644
645
646
647
648
649
650
651
652
653
654
655
656
658
660
661
662
663
665
667
669
670
671
673
674
675
676
677
678
680
681
682
684
685
686
687
688
689
690
691
692
693
694
695
696
697
698
699
700
701
702
704
705
707
708
709
710
711
712
713
714
715
716
717
718
720
721
722
723
724
725
726
727
728
729
730
731
732
733
734
735
736
737
738
739
740
741
742
743
744
745
746
747
748
750
751
752
753
754
755
757
758
759
760
761
762
764
765
766
767
770
771
772
773
774
775
776
777
778
779
780
781
782
783
784
785
786
787
788
789
790
792
793
794
795
796
797
799
800
801
802
803
804
805
806
807
808
809
810
811
812
813
814
815
816
817
818
819
820
821
822
823
824
825
827
829
830
831
832
833
834
835
836
837
838
839
840
841
842
843
844
845
846
847
848
849
850
851
852
853
854
855
856
857
858
861
862
863
864
865
866
868
869
871
872
873
874
875
876
878
879
882
885
887
889
893
894
895
896
898
899
902
903
904
905
906
907
908
910
911
912
913
914
916
917
918
919
920
921
922
923
924
925
926
927
928
929
930
931
932
933
934
935
936
937
938
939
940
941
942
944
945
946
947
948
949
951
952
954
955
956
957
959
960
961
962
963
965
966
968
969
972
973
974
975
976
977
978
979
980
981
982
983
984
985
986
988
989
990
991
992
993
994
995
996
997
998
999
1001
1002
1003
1004
1005
1006
1007
1008
1009
1010
1012
1013
1015
1016
1017
1018
1019
1020
1021
1022
1023
1024
1025
1027
1029
1030
1031
1033
1035
1037
1038
1039
1040
1041
1042
1044
1046
1047
1048
1050
1051
1052
1053
1054
1055
1057
1059
1061
1063
1064
1065
1066
1067
1068
1069
1070
1071
1072
1074
1076
1077
1079
1081
1083
1084
1085
1086
1088
1089
1090
1091
1093
1094
1095
1096
1097
1098
1100
1101
1103
1104
1107
1108
1109
1110
1111
1113
1118
1119
1120
1121
1122
1123
1124
1125
1126
1127
1128
1129
1130
1131
1132
1133
1134
1135
1136
1139
1142
1143
1144
1145
1146
1147
1148
1149
1150
1152
1153
1154
1155
1156
1157
1158
1159
1160
1161
1163
1164
1165
1166
1167
1168
1169
1170
1172
1173
1175
1176
1178
1179
1180
1182
1184
1185
1187
1188
1189
1191
1192
1193
1194
1195
1196
1197
1198
1199
1200
1202
1203
1204
1205
1206
1207
1208
1209
1210
1211
1212
1214
1215
1216
1218
1219
1220
1221
1222
1224
1225
1226
1227
1228
1234
1237
1238
1240
1242
1243
1244
1246
1248
1249
1251
1252
1254
1256
1257
1258
1259
1260
1264
1265
1266
1267
1268
1269
1270
1271
1272
1273
1274
1275
1276
1278
1280
1281
1283
1284
1285
1286
1287
1288
1291
1293
1294
1295
1296
1297
1298
1299
1301
1302
1303
1304
1305
1306
1307
1308
1309
1310
1311
1312
1313
1315
1316
1317
1318
1319
1320
1321
1324
1327
1328
1329
1330
1331
1333
1334
1335
1338
1339
1340
1341
1342
1344
1345
1346
1347
1348
1349
1350
1351
1352
1354
1355
1356
1358
1359
1360
1362
1363
1364
1365
1366
1367
1368
1369
1371
1372
1373
1374
1376
1377
1380
1381
1382
1385
1386
1387
1388
1389
1393
1394
1395
1396
1400
1401
1402
1403
1405
1406
1407
1408
1409
1410
1411
1412
1413
1414
1415
1417
1419
1420
1421
1423
1424
1425
1426
1427
1428
1430
1432
1434
1435
1436
1438
1440
1441
1443
1444
1446
1447
1448
1449
1450
1451
1453
1454
1455
1457
1458
1460
1461
1463
1464
1466
1470
1471
1473
1474
1475
1476
1477
1478
1481
1482
1484
1485
1486
1487
1491
1492
1493
1494
1496
1497
1499
1500
1501
1502
1503
1507
1509
1510
1511
1513
1514
1516
1517
1519
1520
1521
1522
1523
1524
1525
1526
1527
1528
1529
1530
1531
1532
1533
1534
1535
1536
1537
1538
1539
1540
1541
1542
1545
1546
1547
1548
1550
1551
1552
1553
1554
1555
1556
1557
1559
1560
1563
1565
1566
1567
1568
1569
1570
1571
1573
1574
1575
1576
1578
1579
1580
1584
1585
1586
1588
1589
1591
1593
1594
1595
1596
1598
1599
1600
1601
1603
1604
1605
1606
1607
1608
1609
1611
1613
1614
1615
1618
1620
1621
1623
1624
1625
1626
1627
1628
1629
1630
1631
1632
1634
1635
1636
1637
1639
1640
1641
1642
1644
1646
1647
1651
1653
1654
1655
1656
1657
1658
1659
1660
1661
1662
1663
1664
1666
1667
1668
1670
1674
1675
1676
1677
1678
1681
1684
1685
1687
1689
1690
1691
1692
1693
1694
1695
1696
1700
1701
1703
1704
1705
1707
1708
1709
1710
1711
1712
1713
1715
1717
1719
1722
1723
1724
1726
1727
1728
1730
1731
1733
1735
1736
1737
1739
1740
1741
1743
1745
1746
1747
1750
1752
1753
1754
1755
1756
1757
1759
1760
1761
1762
1766
1768
1769
1772
1777
1778
1779
1780
1781
1784
1785
1786
1787
1788
1789
1790
1791
1792
1793
1795
1798
1799
1800
1801
1802
1803
1804
1805
1807
1809
1810
1811
1812
1813
1814
1815
1816
1817
1818
1819
1820
1823
1824
1826
1830
1831
1832
1834
1836
1837
1838
1839
1841
1842
1844
1845
1846
1847
1848
1849
1850
1851
1852
1855
1856
1860
1861
1863
1864
1865
1866
1867
1869
1870
1871
1872
1873
1874
1875
1876
1878
1879
1880
1881
1882
1883
1884
1885
1886
1887
1888
1889
1892
1895
1897
1901
1903
1904
1907
1910
1911
1913
1916
1917
1918
1919
1921
1922
1923
1925
1926
1928
1929
1932
1933
1934
1935
1936
1937
1938
1941
1942
1943
1944
1946
1948
1949
1950
1951
1952
1953
1954
1955
1956
1958
1959
1960
1961
1962
1963
1965
1966
1968
1969
1971
1973
1974
1976
1977
1978
1979
1980
1981
1982
1983
1984
1985
1986
1988
1989
1990
1991
1992
1993
1995
1998
1999
2004
2005
2006
2007
2009
2010
2011
2013
2014
2017
2019
2021
2023
2025
2026
2027
2028
2029
2033
2034
2035
2037
2038
2039
2040
2041
2042
2043
2044
2046
2048
2050
2051
2052
2053
2054
2056
2057
2059
2060
2062
2064
2066
2067
2068
2069
2071
2072
2073
2076
2078
2079
2080
2081
2082
2083
2084
2085
2087
2088
2089
2090
2091
2092
2093
2094
2095
2098
2099
2100
2101
2104
2105
2106
2107
2108
2111
2112
2114
2115
2116
2117
2118
2120
2121
2122
2123
2124
2125
2126
2127
2130
2131
2132
2133
2134
2136
2137
2138
2141
2142
2143
2144
2145
2146
2147
2148
2149
2150
2152
2153
2154
2155
2156
2159
2162
2163
2164
2165
2167
2168
2169
2171
2173
2174
2175
2177
2178
2179
2180
2181
2182
2183
2184
2185
2186
2188
2189
2190
2191
2193
2194
2196
2197
2198
2200
2202
2203
2204
2205
2209
2210
2213
2216
2217
2222
2223
2224
2225
2226
2227
2230
2231
2233
2234
2235
2236
2237
2238
2239
2240
2241
2242
2245
2246
2247
2248
2249
2250
2252
2253
2254
2257
2258
2259
2260
2261
2262
2264
2266
2267
2268
2269
2270
2271
2274
2276
2277
2279
2280
2282
2283
2286
2287
2289
2291
2292
2293
2294
2297
2300
2304
2305
2306
2307
2312
2314
2315
2316
2317
2318
2320
2322
2324
2326
2327
2328
2329
2330
2334
2335
2337
2339
2340
2341
2342
2343
2345
2346
2348
2349
2350
2353
2354
2355
2359
2361
2362
2363
2365
2367
2371
2372
2373
2374
2375
2376
2377
2378
2383
2384
2385
2386
2387
2389
2390
2391
2393
2394
2398
2401
2402
2403
2404
2406
2408
2410
2412
2413
2414
2415
2416
2418
2419
2420
2421
2422
2423
2425
2427
2428
2429
2431
2432
2433
2435
2436
2440
2442
2443
2444
2445
2446
2447
2450
2451
2452
2453
2455
2456
2457
2459
2460
2461
2465
2466
2467
2469
2470
2473
2476
2478
2482
2484
2485
2486
2488
2490
2491
2496
2500
2501
2504
2505
2507
2509
2511
2512
2513
2514
2515
2516
2518
2520
2521
2522
2525
2527
2528
2530
2532
2533
2535
2537
2538
2540
2543
2544
2545
2546
2549
2550
2555
2557
2559
2561
2562
2564
2565
2567
2568
2569
2570
2573
2574
2575
2576
2578
2579
2580
2581
2582
2584
2587
2588
2589
2591
2594
2595
2597
2598
2600
2604
2606
2610
2613
2615
2617
2619
2621
2622
2626
2627
2628
2629
2630
2633
2634
2639
2641
2642
2647
2648
2649
2652
2654
2656
2657
2659
2660
2661
2662
2665
2668
2672
2673
2675
2678
2680
2682
2683
2685
2686
2688
2691
2692
2693
2695
2696
2698
2699
2702
2703
2704
2705
2707
2708
2709
2710
2711
2712
2714
2717
2718
2719
2720
2722
2723
2725
2726
2727
2730
2731
2733
2734
2736
2737
2738
2739
2741
2742
2744
2745
2747
2748
2752
2753
2755
2756
2759
2760
2762
2763
2764
2765
2766
2769
2770
2771
2772
2773
2775
2779
2780
2781
2782
2784
2785
2787
2788
2789
2791
2792
2794
2795
2799
2800
2802
2804
2806
2808
2809
2811
2812
2816
2821
2824
2825
2826
2827
2828
2830
2832
2833
2835
2837
2839
2841
2842
2843
2844
2846
2848
2849
2850
2851
2854
2855
2856
2858
2859
2860
2861
2862
2863
2864
2865
2867
2868
2869
2870
2875
2876
2877
2878
2882
2883
2884
2885
2887
2892
2894
2895
2896
2899
2900
2901
2902
2903
2904
2905
2906
2907
2910
2911
2913
2916
2921
2922
2926
2927
2928
2930
2931
2932
2933
2936
2938
2940
2943
2944
2945
2946
2947
2948
2949
2950
2951
2957
2958
2959
2962
2963
2964
2966
2967
2971
2975
2976
2982
2983
2984
2986
2988
2990
2993
2994
2995
2996
2999
3000
3001
3002
3003
3005
3008
3009
3011
3012
3015
3016
3017
3019
3020
3021
3022
3024
3025
3026
3027
3028
3030
3031
3034
3036
3037
3040
3042
3043
3044
3046
3047
3049
3051
3052
3053
3055
3057
3059
3060
3062
3063
3064
3066
3068
3069
3072
3073
3074
3076
3077
3078
3080
3081
3082
3084
3085
3087
3089
3092
3100
3101
3102
3103
3105
3107
3108
3109
3110
3112
3113
3114
3116
3117
3118
3119
3120
3124
3125
3128
3131
3132
3133
3134
3136
3140
3141
3142
3145
3148
3152
3153
3156
3158
3161
3162
3163
3164
3166
3167
3171
3172
3173
3174
3176
3177
3178
3180
3181
3182
3183
3184
3185
3187
3188
3189
3190
3193
3194
3195
3196
3197
3198
3201
3204
3205
3206
3210
3211
3212
3214
3217
3218
3219
3220
3221
3222
3224
3225
3226
3229
3230
3231
3233
3235
3236
3238
3242
3245
3246
3248
3249
3252
3253
3254
3257
3259
3260
3263
3264
3265
3270
3271
3273
3274
3277
3278
3280
3281
3282
3283
3285
3286
3287
3288
3289
3291
3292
3293
3295
3296
3297
3299
3300
3301
3302
3304
3306
3308
3309
3314
3315
3318
3320
3321
3322
3325
3326
3327
3328
3329
3331
3332
3334
3335
3336
3337
3338
3339
3340
3344
3346
3347
3349
3351
3352
3354
3355
3356
3360
3361
3362
3365
3366
3367
3368
3370
3371
3372
3373
3375
3376
3377
3378
3379
3382
3383
3385
3386
3387
3388
3390
3391
3393
3394
3395
3396
3397
3399
3402
3404
3408
3410
3414
3415
3416
3417
3418
3420
3421
3423
3426
3428
3429
3431
3433
3436
3438
3440
3441
3442
3443
3444
3445
3446
3447
3448
3451
3452
3453
3454
3455
3456
3457
3459
3460
3461
3462
3464
3465
3466
3467
3471
3472
3474
3475
3476
3478
3480
3483
3484
3485
3486
3488
3490
3491
3492
3494
3495
3496
3498
3499
3502
3505
3506
3507
3508
3509
3511
3512
3514
3515
3517
3519
3520
3522
3523
3524
3527
3533
3535
3536
3538
3539
3540
3546
3547
3548
3549
3550
3551
3552
3555
3556
3557
3558
3559
3560
3562
3564
3565
3566
3568
3569
3570
3571
3572
3574
3575
3576
3577
3580
3582
3583
3585
3586
3587
3591
3594
3595
3599
3601
3604
3605
3607
3608
3609
3610
3612
3615
3616
3617
3618
3619
3620
3626
3629
3630
3632
3635
3639
3641
3644
3645
3646
3647
3650
3653
3654
3659
3660
3661
3662
3663
3664
3665
3667
3668
3669
3673
3674
3675
3678
3679
3684
3687
3688
3689
3690
3692
3693
3694
3695
3696
3701
3703
3708
3709
3713
3714
3717
3718
3721
3723
3725
3727
3728
3731
3732
3734
3735
3736
3741
3743
3744
3746
3747
3748
3749
3750
3751
3752
3756
3757
3758
3759
3760
3761
3762
3763
3767
3769
3771
3772
3773
3776
3778
3779
3781
3784
3785
3786
3787
3789
3790
3791
3792
3794
3795
3796
3797
3798
3799
3801
3802
3803
3807
3808
3810
3813
3814
3815
3816
3818
3821
3822
3827
3828
3830
3831
3834
3836
3837
3839
3840
3842
3843
3845
3847
3848
3851
3852
3853
3855
3856
3859
3862
3863
3864
3866
3867
3868
3869
3870
3871
3872
3875
3879
3880
3884
3886
3888
3889
3891
3893
3894
3896
3897
3899
3900
3901
3902
3903
3905
3906
3907
3908
3909
3910
3911
3913
3916
3917
3918
3919
3922
3924
3925
3927
3934
3935
3936
3937
3938
3940
3944
3945
3948
3949
3951
3952
3954
3956
3957
3959
3961
3962
3963
3964
3970
3971
3973
3979
3981
3982
3984
3985
3987
3990
3992
3997
3999
4006
4007
4008
4010
4011
4012
4013
4014
4017
4018
4020
4021
4023
4025
4027
4030
4032
4033
4034
4038
4039
4040
4043
4046
4047
4048
4050
4052
4053
4055
4056
4057
4058
4060
4061
4063
4070
4072
4073
4079
4080
4081
4083
4084
4085
4087
4089
4090
4091
4096
4097
4098
4099
4100
4101
4102
4103
4104
4106
4108
4109
4110
4113
4116
4117
4122
4124
4128
4129
4132
4137
4138
4139
4141
4145
4146
4149
4151
4154
4155
4156
4158
4162
4163
4165
4166
4168
4171
4172
4173
4174
4175
4176
4177
4179
4182
4183
4184
4185
4186
4189
4192
4193
4195
4196
4197
4198
4199
4200
4202
4206
4209
4211
4212
4213
4214
4219
4220
4221
4224
4227
4228
4229
4230
4231
4232
4237
4239
4240
4242
4243
4244
4249
4250
4257
4261
4262
4263
4265
4266
4268
4269
4270
4271
4273
4280
4281
4282
4286
4288
4290
4293
4294
4295
4296
4297
4299
4301
4302
4305
4306
4307
4308
4310
4311
4314
4317
4322
4323
4326
4327
4328
4329
4332
4334
4336
4337
4338
4342
4346
4348
4349
4350
4351
4352
4353
4354
4356
4358
4359
4360
4361
4363
4367
4368
4370
4372
4373
4375
4376
4378
4379
4381
4382
4384
4385
4387
4388
4390
4392
4394
4395
4398
4400
4402
4405
4410
4411
4413
4414
4418
4420
4422
4423
4425
4426
4428
4429
4431
4435
4437
4438
4439
4443
4444
4447
4449
4453
4455
4458
4459
4462
4464
4465
4468
4470
4471
4472
4475
4476
4477
4481
4482
4483
4484
4490
4491
4492
4493
4496
4497
4498
4500
4503
4504
4505
4509
4511
4515
4516
4517
4518
4519
4521
4523
4524
4525
4526
4527
4528
4530
4531
4533
4537
4540
4542
4543
4549
4552
4553
4557
4558
4559
4560
4561
4562
4563
4564
4565
4567
4569
4571
4573
4574
4577
4578
4581
4583
4585
4588
4591
4592
4597
4598
4599
4601
4604
4607
4608
4609
4614
4615
4616
4619
4620
4621
4624
4625
4628
4630
4631
4633
4634
4636
4640
4642
4645
4647
4648
4651
4653
4654
4655
4656
4657
4660
4661
4664
4666
4669
4672
4673
4674
4677
4679
4681
4683
4687
4689
4695
4696
4697
4700
4703
4707
4709
4710
4715
4717
4719
4720
4721
4722
4725
4726
4727
4730
4732
4737
4738
4739
4741
4744
4745
4746
4748
4750
4753
4755
4756
4759
4760
4762
4763
4764
4765
4769
4771
4772
4773
4774
4775
4776
4777
4778
4781
4787
4791
4796
4797
4798
4799
4801
4803
4806
4811
4816
4819
4821
4827
4829
4830
4835
4836
4839
4840
4841
4846
4847
4853
4854
4855
4856
4857
4858
4859
4861
4864
4866
4868
4869
4876
4880
4885
4887
4888
4895
4896
4902
4905
4906
4908
4909
4910
4912
4915
4917
4918
4919
4921
4924
4925
4927
4929
4930
4931
4932
4934
4935
4940
4941
4942
4943
4944
4945
4949
4950
4952
4953
4954
4957
4958
4962
4963
4967
4969
4971
4973
4976
4977
4978
4982
4983
4984
4985
4987
4989
4991
4993
4994
4998
5003
5005
5006
5007
5008
5010
5012
5014
5015
5016
5017
5021
5023
5026
5028
5029
5033
5037
5038
5042
5046
5050
5051
5052
5053
5062
5063
5064
5065
5067
5069
5070
5072
5074
5075
5076
5080
5082
5084
5086
5087
5088
5089
5093
5094
5096
5097
5099
5102
5103
5106
5107
5110
5111
5112
5113
5115
5118
5119
5123
5125
5127
5128
5129
5130
5131
5132
5137
5141
5143
5144
5146
5147
5149
5150
5151
5154
5157
5162
5163
5165
5166
5171
5173
5174
5178
5179
5180
5181
5183
5184
5187
5189
5190
5192
5193
5194
5195
5196
5197
5202
5204
5207
5209
5210
5211
5212
5214
5215
5216
5218
5219
5221
5224
5225
5226
5227
5229
5232
5236
5237
5238
5240
5242
5243
5247
5248
5249
5252
5256
5257
5259
5260
5261
5264
5266
5277
5281
5282
5285
5287
5289
5290
5294
5296
5298
5299
5301
5309
5311
5314
5319
5321
5322
5323
5324
5327
5329
5331
5333
5334
5337
5340
5341
5342
5343
5344
5345
5346
5347
5349
5350
5354
5356
5358
5362
5364
5370
5371
5384
5386
5387
5389
5391
5392
5400
5404
5405
5406
5407
5410
5414
5415
5417
5420
5422
5423
5425
5426
5428
5430
5432
5433
5434
5438
5440
5441
5442
5444
5445
5450
5451
5455
5457
5459
5460
5462
5468
5470
5471
5472
5473
5475
5477
5478
5479
5481
5484
5486
5488
5490
5491
5492
5493
5494
5495
5501
5502
5506
5507
5512
5514
5515
5516
5520
5521
5527
5529
5530
5531
5533
5534
5535
5537
5539
5540
5541
5545
5548
5549
5550
5552
5553
5554
5557
5559
5566
5567
5568
5570
5571
5572
5574
5575
5576
5578
5580
5581
5584
5586
5587
5589
5590
5592
5594
5598
5601
5603
5604
5607
5609
5610
5614
5615
5616
5618
5619
5623
5624
5625
5627
5629
5631
5632
5633
5634
5635
5638
5639
5640
5642
5647
5649
5653
5656
5657
5659
5660
5663
5664
5665
5666
5669
5673
5676
5677
5678
5683
5684
5685
5686
5696
5699
5702
5703
5704
5705
5706
5707
5709
5712
5713
5714
5715
5717
5719
5720
5721
5722
5724
5725
5726
5727
5733
5738
5739
5741
5742
5743
5744
5746
5747
5754
5756
5757
5758
5759
5762
5765
5768
5769
5770
5773
5775
5781
5786
5788
5790
5791
5797
5799
5800
5803
5805
5810
5811
5813
5814
5815
5816
5817
5818
5822
5823
5824
5825
5826
5827
5828
5829
5831
5834
5836
5838
5841
5843
5844
5847
5848
5852
5856
5858
5859
5860
5862
5864
5867
5870
5871
5873
5874
5876
5877
5880
5883
5885
5888
5889
5892
5894
5895
5896
5897
5901
5902
5903
5908
5909
5913
5914
5915
5917
5918
5919
5922
5924
5926
5928
5931
5933
5939
5940
5942
5944
5945
5946
5947
5950
5951
5952
5954
5955
5956
5957
5959
5963
5966
5967
5969
5971
5972
5973
5975
5979
5980
5983
5984
5988
5990
5992
5994
5998
6007
6008
6009
6011
6013
6014
6015
6018
6019
6020
6021
6022
6023
6026
6027
6028
6030
6031
6039
6040
6041
6045
6049
6054
6056
6060
6061
6062
6063
6064
6067
6068
6069
6070
6071
6073
6074
6075
6078
6079
6080
6081
6084
6085
6089
6090
6097
6098
6103
6106
6108
6109
6110
6112
6113
6115
6120
6121
6122
6124
6126
6128
6130
6132
6133
6135
6136
6137
6141
6142
6144
6146
6151
6156
6161
6162
6165
6167
6168
6169
6170
6173
6175
6177
6180
6181
6185
6186
6187
6188
6190
6191
6196
6198
6199
6200
6203
6204
6205
6206
6207
6208
6209
6210
6211
6212
6214
6217
6221
6223
6226
6227
6228
6229
6230
6231
6233
6234
6236
6240
6241
6242
6243
6244
6249
6251
6256
6260
6263
6265
6266
6269
6270
6272
6274
6276
6280
6284
6285
6295
6296
6302
6304
6305
6306
6308
6309
6312
6313
6315
6317
6318
6319
6323
6324
6325
6327
6328
6330
6332
6334
6341
6343
6347
6348
6349
6351
6353
6354
6356
6359
6362
6366
6368
6369
6370
6371
6373
6374
6375
6376
6380
6382
6383
6385
6388
6390
6392
6393
6394
6396
6399
6400
6402
6404
6405
6408
6411
6412
6414
6420
6422
6425
6427
6428
6429
6430
6433
6434
6440
6445
6446
6448
6453
6456
6458
6461
6462
6464
6466
6467
6469
6477
6479
6482
6484
6488
6489
6490
6491
6492
6493
6494
6495
6496
6499
6502
6503
6504
6507
6511
6512
6515
6518
6520
6534
6540
6542
6543
6544
6547
6549
6550
6553
6555
6556
6557
6558
6559
6563
6567
6570
6574
6583
6584
6585
6589
6590
6593
6595
6596
6597
6602
6606
6607
6608
6609
6614
6616
6617
6618
6619
6621
6623
6626
6628
6629
6630
6634
6635
6637
6638
6639
6640
6648
6649
6650
6656
6658
6659
6660
6661
6663
6665
6668
6669
6670
6673
6674
6678
6682
6683
6684
6685
6687
6688
6690
6691
6700
6701
6702
6703
6704
6709
6711
6714
6716
6719
6724
6725
6729
6731
6732
6733
6735
6736
6737
6738
6742
6743
6744
6751
6753
6757
6758
6761
6765
6767
6769
6772
6774
6779
6782
6783
6786
6787
6790
6798
6799
6801
6802
6805
6812
6813
6814
6816
6819
6820
6828
6831
6833
6836
6837
6843
6847
6849
6851
6855
6856
6857
6858
6860
6867
6868
6869
6871
6872
6883
6884
6885
6886
6889
6895
6896
6899
6901
6902
6904
6905
6908
6910
6913
6914
6915
6917
6919
6920
6921
6922
6923
6927
6928
6929
6930
6931
6933
6936
6944
6945
6946
6947
6952
6954
6955
6956
6959
6961
6963
6967
6969
6970
6971
6972
6973
6976
6980
6981
6988
6994
6996
7002
7004
7005
7006
7008
7009
7014
7015
7018
7019
7026
7037
7038
7047
7048
7049
7050
7053
7056
7060
7063
7065
7068
7074
7075
7077
7081
7086
7087
7089
7093
7095
7098
7102
7106
7107
7116
7121
7122
7123
7124
7125
7128
7130
7132
7135
7136
7138
7142
7144
7145
7146
7147
7148
7151
7153
7161
7165
7166
7168
7171
7173
7174
7176
7177
7178
7179
7180
7183
7184
7187
7194
7196
7198
7200
7203
7205
7209
7211
7212
7213
7214
7216
7217
7220
7221
7224
7225
7228
7230
7234
7235
7238
7243
7251
7253
7255
7256
7258
7259
7261
7263
7268
7271
7275
7279
7284
7286
7288
7289
7290
7297
7298
7299
7300
7303
7307
7308
7309
7311
7312
7313
7318
7320
7324
7326
7327
7328
7330
7332
7336
7338
7340
7342
7343
7344
7346
7347
7349
7350
7352
7355
7357
7358
7360
7363
7367
7369
7370
7371
7374
7375
7377
7378
7379
7380
7381
7389
7390
7396
7397
7401
7408
7409
7410
7411
7412
7423
7426
7427
7428
7430
7432
7434
7438
7439
7442
7444
7445
7448
7449
7452
7460
7462
7464
7465
7466
7467
7469
7470
7474
7475
7477
7478
7480
7483
7485
7487
7489
7490
7492
7493
7495
7498
7500
7501
7502
7503
7504
7505
7509
7511
7513
7517
7519
7520
7521
7522
7525
7527
7528
7529
7530
7532
7533
7537
7539
7540
7542
7543
7547
7548
7550
7551
7552
7555
7566
7567
7572
7573
7576
7579
7581
7584
7586
7587
7588
7589
7592
7593
7596
7597
7599
7600
7603
7605
7607
7612
7615
7616
7622
7631
7633
7635
7640
7643
7644
7647
7649
7651
7653
7654
7655
7658
7659
7660
7661
7662
7663
7664
7665
7667
7671
7673
7674
7680
7681
7683
7688
7689
7696
7700
7706
7707
7709
7713
7714
7718
7719
7721
7722
7723
7727
7728
7731
7734
7735
7738
7739
7740
7741
7745
7747
7749
7753
7757
7761
7765
7766
7768
7770
7771
7772
7774
7777
7778
7782
7783
7784
7788
7789
7792
7796
7797
7801
7802
7803
7804
7805
7807
7808
7810
7812
7814
7821
7826
7827
7832
7835
7837
7839
7840
7841
7842
7844
7847
7850
7852
7853
7858
7859
7861
7862
7865
7868
7869
7872
7875
7877
7878
7879
7882
7883
7884
7887
7888
7889
7890
7893
7897
7898
7905
7906
7907
7909
7912
7913
7914
7915
7919
7924
7925
7928
7929
7930
7931
7932
7936
7942
7946
7948
7951
7952
7953
7962
7965
7970
7971
7972
7974
7977
7979
7983
7985
7987
7988
7991
7992
7997
7998
7999
8000
8001
8010
8011
8013
8016
8017
8018
8019
8023
8024
8025
8028
8029
8030
8032
8035
8037
8041
8043
8044
8054
8055
8056
8058
8059
8062
8065
8067
8072
8077
8079
8081
8082
8083
8085
8086
8088
8090
8092
8093
8094
8095
8096
8097
8098
8099
8100
8101
8102
8104
8105
8107
8112
8116
8118
8119
8121
8122
8124
8127
8130
8132
8133
8135
8136
8139
8144
8147
8148
8149
8151
8153
8155
8157
8158
8160
8161
8162
8164
8165
8166
8169
8172
8173
8174
8175
8178
8179
8181
8182
8183
8185
8186
8189
8190
8191
8192
8193
8195
8197
8199
8200
8201
8207
8209
8210
8216
8217
8218
8219
8221
8224
8225
8227
8228
8232
8234
8237
8242
8244
8246
8249
8251
8255
8258
8259
8262
8264
8266
8268
8272
8275
8280
8285
8286
8288
8292
8294
8296
8297
8300
8302
8304
8305
8307
8313
8314
8319
8321
8322
8324
8330
8332
8333
8336
8339
8340
8341
8342
8346
8347
8349
8350
8355
8356
8359
8362
8365
8366
8370
8371
8374
8376
8377
8380
8381
8382
8383
8385
8386
8387
8389
8392
8395
8408
8410
8411
8418
8419
8420
8421
8422
8425
8426
8427
8432
8434
8437
8438
8440
8443
8444
8449
8450
8451
8453
8454
8459
8467
8475
8476
8477
8478
8480
8482
8485
8486
8503
8507
8515
8518
8520
8522
8524
8528
8529
8530
8534
8535
8536
8540
8543
8547
8548
8549
8550
8553
8556
8558
8559
8563
8566
8569
8570
8571
8573
8576
8577
8578
8585
8592
8598
8599
8600
8606
8607
8609
8610
8616
8622
8623
8625
8627
8628
8629
8634
8635
8638
8641
8645
8649
8655
8656
8660
8661
8663
8667
8669
8676
8680
8682
8685
8686
8690
8692
8693
8695
8696
8702
8706
8710
8711
8713
8714
8722
8726
8729
8733
8735
8736
8738
8739
8740
8741
8746
8748
8750
8753
8757
8759
8760
8761
8767
8770
8771
8774
8776
8778
8779
8780
8781
8782
8786
8789
8790
8791
8794
8796
8797
8798
8800
8801
8806
8808
8809
8810
8812
8813
8819
8822
8825
8833
8839
8842
8843
8844
8846
8848
8849
8853
8855
8856
8857
8858
8862
8863
8864
8865
8868
8869
8871
8874
8875
8876
8880
8881
8882
8884
8888
8889
8893
8898
8900
8908
8912
8916
8918
8920
8925
8932
8934
8936
8938
8941
8943
8944
8947
8953
8957
8962
8963
8965
8967
8969
8971
8973
8974
8977
8978
8986
8988
8990
8994
8995
9001
9002
9004
9005
9006
9007
9008
9009
9011
9012
9014
9016
9017
9020
9024
9031
9033
9034
9038
9040
9042
9043
9047
9048
9051
9052
9053
9054
9056
9057
9058
9059
9060
9062
9064
9066
9067
9069
9070
9073
9077
9078
9080
9081
9085
9088
9089
9093
9094
9095
9096
9100
9101
9107
9111
9113
9114
9118
9119
9120
9121
9123
9124
9127
9128
9129
9135
9137
9138
9140
9144
9145
9148
9150
9151
9152
9156
9157
9162
9163
9164
9166
9168
9171
9172
9173
9175
9179
9181
9182
9183
9185
9189
9191
9193
9194
9199
9203
9209
9210
9215
9216
9217
9221
9222
9227
9228
9230
9232
9236
9240
9247
9248
9249
9251
9252
9253
9255
9257
9263
9266
9267
9272
9281
9283
9287
9289
9290
9291
9292
9293
9296
9297
9298
9299
9300
9304
9305
9307
9309
9311
9312
9313
9314
9317
9318
9319
9322
9325
9327
9328
9330
9332
9333
9334
9335
9338
9341
9343
9345
9348
9350
9354
9357
9362
9365
9368
9371
9372
9373
9375
9379
9380
9384
9385
9386
9390
9392
9393
9394
9398
9399
9400
9401
9402
9403
9404
9405
9407
9408
9411
9413
9417
9420
9421
9424
9429
9430
9435
9437
9438
9439
9440
9442
9446
9448
9449
9455
9459
9463
9464
9471
9475
9476
9478
9479
9480
9484
9485
9489
9493
9494
9495
9498
9499
9503
9508
9509
9510
9512
9518
9519
9520
9522
9523
9524
9525
9526
9533
9534
9535
9538
9539
9542
9549
9552
9553
9556
9558
9559
9561
9564
9565
9566
9570
9574
9576
9577
9578
9579
9580
9582
9583
9584
9585
9588
9589
9591
9595
9596
9597
9600
9602
9603
9604
9609
9610
9611
9612
9613
9614
9616
9619
9620
9624
9629
9631
9632
9635
9639
9646
9647
9656
9657
9658
9659
9660
9666
9667
9668
9670
9671
9678
9687
9690
9694
9696
9697
9700
9702
9710
9712
9714
9716
9717
9718
9720
9733
9734
9737
9738
9740
9744
9745
9751
9752
9754
9755
9757
9759
9760
9763
9765
9766
9767
9774
9781
9783
9790
9792
9794
9798
9799
9800
9801
9802
9803
9806
9809
9813
9817
9819
9822
9827
9830
9831
9837
9841
9842
9846
9849
9853
9854
9856
9857
9858
9859
9860
9863
9865
9868
9870
9874
9876
9878
9881
9884
9889
9890
9892
9894
9895
9896
9897
9898
9900
9903
9904
9905
9908
9909
9910
9912
9914
9916
9917
9918
9920
9921
9925
9926
9927
9930
9932
9933
9934
9938
9940
9942
9943
9944
9945
9946
9952
9954
9965
9966
9968
9970
9973
9976
9979
9982
9983
9984
9985
9986
9988
9989
9991
9992
9993
9995
9997
9998
10000
10005
10008
10010
10011
10017
10018
10020
10021
10022
10024
10027
10031
10035
10039
10043
10044
10048
10049
10050
10054
10057
10061
10064
10066
10070
10074
10079
10083
10085
10089
10090
10093
10100
10101
10107
10110
10112
10115
10122
10124
10125
10126
10130
10133
10135
10137
10141
10143
10145
10146
10148
10151
10152
10153
10155
10157
10159
10160
10168
10169
10177
10180
10182
10186
10188
10189
10190
10192
10193
10197
10202
10204
10205
10209
10212
10215
10217
10229
10236
10240
10241
10243
10244
10248
10249
10251
10254
10255
10263
10265
10266
10267
10271
10275
10276
10280
10289
10292
10293
10297
10298
10301
10304
10310
10314
10320
10321
10322
10323
10325
10326
10329
10330
10332
10334
10338
10340
10341
10343
10352
10353
10355
10359
10360
10362
10363
10365
10370
10377
10378
10380
10383
10387
10389
10391
10393
10394
10396
10398
10399
10401
10403
10406
10409
10412
10414
10417
10418
10420
10425
10427
10428
10430
10433
10436
10438
10439
10440
10441
10446
10450
10452
10453
10454
10455
10457
10458
10461
10462
10463
10464
10468
10469
10470
10474
10476
10479
10480
10486
10487
10488
10491
10492
10493
10495
10498
10499
10501
10505
10506
10508
10512
10513
10516
10518
10522
10526
10527
10531
10534
10535
10544
10545
10548
10553
10557
10558
10564
10565
10567
10568
10569
10571
10574
10575
10576
10577
10578
10582
10587
10588
10589
10591
10594
10595
10601
10607
10608
10611
10612
10614
10616
10617
10624
10627
10628
10630
10637
10642
10644
10648
10650
10651
10652
10655
10656
10660
10667
10671
10674
10675
10678
10679
10681
10683
10686
10689
10690
10693
10700
10711
10713
10714
10716
10725
10729
10732
10741
10742
10747
10748
10750
10755
10756
10761
10764
10767
10771
10776
10777
10782
10787
10790
10795
10796
10797
10798
10801
10802
10804
10807
10811
10812
10819
10824
10826
10832
10833
10839
10842
10846
10847
10855
10860
10866
10867
10868
10872
10882
10885
10893
10895
10896
10898
10901
10902
10910
10911
10912
10926
10933
10935
10940
10944
10952
10953
10954
10955
10959
10963
10964
10968
10969
10976
10977
10987
10989
10990
10991
10992
11000
11002
11003
11006
11007
11008
11012
11014
11015
11017
11018
11022
11023
11029
11030
11031
11035
11037
11050
11054
11056
11060
11073
11075
11076
11078
11080
11082
11084
11087
11089
11099
11100
11106
11107
11109
11114
11115
11122
11123
11130
11132
11133
11134
11137
11151
11156
11163
11168
11169
11171
11175
11176
11178
11179
11187
11193
11194
11196
11197
11198
11202
11208
11216
11218
11220
11221
11223
11224
11229
11237
11238
11240
11241
11242
11243
11251
11252
11255
11256
11263
11264
11270
11276
11280
11283
11286
11288
11295
11297
11301
11302
11304
11305
11308
11313
11325
11326
11335
11336
11340
11342
11348
11349
11354
11356
11361
11362
11367
11372
11374
11380
11382
11385
11395
11400
11403
11407
11415
11416
11418
11420
11421
11424
11425
11427
11431
11433
11436
11440
11443
11444
11451
11452
11454
11455
11456
11464
11467
11470
11471
11473
11474
11475
11478
11479
11482
11486
11487
11497
11500
11509
11511
11514
11515
11518
11522
11528
11532
11535
11538
11543
11545
11546
11548
11554
11558
11563
11571
11572
11574
11579
11580
11583
11585
11587
11606
11612
11614
11615
11618
11619
11629
11630
11631
11633
11640
11641
11642
11643
11645
11646
11650
11661
11663
11664
11666
11671
11679
11682
11683
11684
11686
11689
11691
11692
11695
11696
11698
11702
11705
11707
11708
11709
11710
11713
11716
11721
11730
11731
11732
11734
11744
11745
11746
11750
11762
11766
11767
11768
11772
11775
11776
11779
11782
11783
11787
11789
11791
11799
11802
11804
11811
11812
11813
11815
11816
11817
11822
11824
11825
11829
11831
11835
11838
11843
11844
11849
11850
11857
11873
11879
11882
11884
11885
11887
11890
11891
11895
11896
11897
11908
11910
11912
11913
11915
11916
11919
11920
11921
11923
11934
11936
11937
11939
11943
11944
11946
11954
11955
11958
11959
11961
11962
11963
11966
11971
11972
11973
11975
11979
11985
11989
11991
11992
12009
12010
12021
12025
12027
12028
12029
12030
12037
12038
12043
12044
12046
12047
12049
12052
12054
12056
12058
12060
12062
12064
12067
12070
12071
12072
12073
12074
12078
12079
12080
12083
12095
12100
12102
12107
12109
12114
12121
12123
12127
12129
12130
12131
12133
12137
12139
12140
12141
12148
12149
12150
12156
12158
12161
12164
12165
12166
12167
12169
12170
12173
12178
12180
12181
12183
12185
12188
12191
12192
12200
12209
12210
12212
12219
12226
12228
12230
12231
12232
12234
12247
12250
12252
12257
12260
12264
12265
12267
12270
12275
12276
12280
12283
12284
12287
12291
12292
12294
12295
12296
12297
12299
12303
12306
12308
12311
12317
12323
12325
12328
12335
12336
12338
12340
12344
12345
12346
12348
12350
12355
12360
12361
12362
12363
12373
12375
12376
12378
12380
12384
12387
12388
12389
12393
12398
12399
12409
12412
12414
12419
12420
12421
12423
12424
12429
12430
12435
12448
12451
12455
12461
12462
12465
12469
12470
12471
12472
12473
12477
12492
12493
12494
12499
12501
12504
12506
12507
12509
12516
12519
12521
12523
12533
12534
12536
12537
12538
12540
12542
12548
12549
12551
12553
12560
12570
12574
12575
12582
12583
12584
12586
12589
12592
12594
12602
12607
12616
12620
12622
12623
12628
12629
12634
12638
12640
12643
12648
12651
12656
12659
12660
12667
12668
12669
12674
12675
12676
12678
12685
12693
12694
12697
12702
12703
12704
12710
12711
12719
12720
12721
12724
12730
12732
12740
12741
12742
12743
12746
12748
12749
12752
12753
12754
12755
12757
12761
12764
12766
12767
12773
12774
12777
12782
12784
12785
12790
12800
12802
12807
12808
12809
12814
12817
12818
12819
12820
12828
12836
12841
12847
12849
12854
12856
12860
12865
12871
12875
12877
12881
12883
12892
12893
12894
12903
12910
12911
12914
12915
12916
12917
12919
12920
12922
12923
12924
12927
12929
12936
12940
12944
12945
12946
12949
12958
12960
12963
12964
12967
12977
12978
12981
12982
12990
12991
12992
12993
12999
13002
13006
13007
13008
13010
13011
13016
13028
13030
13031
13032
13033
13035
13036
13037
13040
13042
13043
13044
13047
13051
13052
13055
13056
13059
13060
13065
13068
13069
13071
13075
13081
13084
13086
13088
13090
13098
13099
13106
13107
13108
13110
13114
13118
13122
13129
13130
13141
13144
13149
13152
13154
13156
13158
13163
13165
13166
13174
13177
13179
13181
13191
13194
13195
13206
13207
13217
13218
13223
13225
13226
13228
13229
13230
13232
13234
13238
13239
13240
13242
13243
13244
13248
13250
13260
13262
13264
13270
13273
13275
13277
13278
13286
13289
13290
13296
13300
13301
13311
13312
13314
13317
13318
13321
13323
13324
13326
13327
13332
13334
13340
13341
13348
13357
13362
13366
13368
13374
13382
13397
13398
13400
13401
13402
13408
13413
13415
13417
13418
13419
13420
13422
13424
13431
13433
13434
13435
13436
13437
13438
13444
13447
13448
13457
13459
13462
13465
13467
13468
13470
13473
13477
13478
13480
13483
13485
13486
13487
13488
13489
13490
13492
13497
13505
13506
13507
13508
13509
13522
13523
13524
13526
13534
13542
13543
13544
13549
13555
13556
13557
13558
13559
13561
13563
13564
13567
13570
13571
13575
13578
13583
13585
13594
13608
13613
13615
13621
13626
13627
13629
13637
13639
13640
13643
13647
13648
13649
13650
13655
13656
13659
13660
13667
13668
13671
13675
13677
13682
13697
13698
13701
13707
13710
13712
13713
13714
13716
13722
13727
13735
13740
13742
13747
13751
13752
13755
13757
13759
13761
13763
13766
13768
13770
13774
13777
13784
13786
13794
13800
13801
13812
13814
13817
13819
13820
13821
13823
13831
13833
13835
13837
13839
13841
13843
13845
13848
13849
13850
13852
13853
13856
13858
13860
13861
13864
13876
13877
13879
13880
13884
13891
13894
13895
13897
13898
13899
13901
13902
13908
13915
13922
13924
13934
13936
13937
13940
13944
13951
13952
13955
13964
13966
13968
13970
13973
13979
13985
13989
13994
13996
13997
13999
14005
14006
14007
14012
14013
14017
14021
14023
14025
14029
14035
14040
14048
14052
14055
14056
14061
14062
14063
14067
14068
14069
14074
14078
14079
14080
14085
14088
14092
14094
14096
14101
14106
14110
14114
14116
14117
14120
14124
14127
14128
14129
14135
14136
14137
14138
14145
14146
14153
14154
14156
14157
14165
14167
14168
14169
14172
14174
14175
14180
14182
14190
14192
14193
14194
14195
14199
14201
14203
14204
14206
14209
14210
14213
14216
14228
14229
14238
14240
14247
14248
14249
14252
14266
14268
14270
14275
14280
14285
14288
14294
14296
14299
14300
14302
14304
14307
14308
14309
14311
14312
14314
14317
14325
14327
14329
14334
14335
14336
14339
14341
14343
14347
14350
14351
14353
14358
14360
14364
14365
14367
14371
14376
14378
14379
14381
14383
14384
14390
14393
14399
14404
14407
14409
14413
14417
14421
14423
14425
14426
14434
14435
14439
14441
14445
14448
14450
14451
14455
14456
14459
14460
14461
14463
14468
14470
14472
14473
14478
14479
14481
14482
14486
14487
14488
14496
14498
14499
14500
14501
14502
14507
14509
14512
14518
14519
14520
14524
14528
14534
14538
14546
14548
14549
14550
14559
14567
14569
14583
14585
14588
14591
14592
14593
14594
14595
14597
14598
14601
14602
14615
14619
14620
14640
14643
14646
14652
14654
14655
14658
14659
14662
14666
14668
14672
14675
14676
14688
14689
14697
14698
14708
14712
14713
14715
14716
14717
14720
14721
14722
14727
14732
14739
14740
14752
14754
14756
14761
14764
14768
14769
14770
14774
14776
14778
14782
14785
14793
14795
14796
14805
14806
14807
14811
14812
14814
14819
14829
14834
14835
14836
14839
14840
14842
14843
14844
14848
14849
14851
14855
14856
14859
14860
14867
14871
14874
14877
14878
14887
14890
14898
14899
14900
14903
14904
14909
14912
14915
14918
14926
14927
14930
14945
14946
14948
14949
14958
14964
14966
14967
14978
14988
14995
15000
15003
15008
15014
15030
15034
15042
15044
15051
15054
15059
15061
15065
15068
15069
15077
15086
15087
15088
15091
15094
15097
15100
15102
15109
15113
15114
15115
15118
15121
15124
15125
15134
15137
15139
15144
15146
15147
15149
15151
15153
15160
15162
15172
15173
15176
15182
15183
15184
15189
15191
15195
15200
15205
15212
15214
15225
15230
15236
15240
15248
15255
15258
15261
15262
15273
15275
15277
15281
15285
15286
15288
15289
15295
15297
15299
15303
15304
15306
15308
15309
15310
15314
15315
15318
15326
15333
15352
15353
15356
15357
15363
15369
15376
15379
15380
15381
15386
15389
15394
15396
15398
15404
15414
15419
15423
15425
15430
15435
15436
15437
15439
15443
15447
15451
15452
15456
15460
15461
15462
15464
15465
15466
15468
15469
15473
15477
15483
15486
15494
15496
15500
15502
15505
15506
15509
15512
15516
15518
15522
15524
15528
15529
15535
15541
15542
15546
15548
15554
15557
15558
15559
15560
15563
15565
15568
15571
15572
15574
15576
15577
15580
15581
15583
15584
15585
15589
15590
15593
15594
15598
15601
15609
15610
15611
15620
15621
15622
15623
15628
15632
15633
15636
15638
15639
15646
15649
15654
15655
15658
15661
15662
15665
15669
15670
15673
15677
15678
15689
15692
15695
15696
15697
15700
15702
15704
15705
15707
15710
15711
15717
15731
15735
15738
15740
15742
15748
15749
15751
15754
15755
15756
15765
15767
15770
15776
15779
15783
15788
15789
15792
15797
15801
15809
15813
15814
15820
15827
15828
15831
15832
15837
15839
15847
15848
15851
15852
15855
15863
15866
15867
15868
15869
15870
15871
15883
15884
15885
15886
15887
15888
15890
15891
15893
15895
15896
15897
15899
15900
15903
15905
15906
15907
15910
15913
15922
15923
15926
15929
15931
15934
15940
15944
15946
15949
15950
15959
15961
15966
15972
15975
15977
15981
15982
15984
15988
15992
15995
16002
16004
16006
16010
16011
16012
16015
16017
16019
16023
16028
16029
16030
16034
16036
16037
16041
16045
16048
16050
16053
16056
16057
16060
16063
16065
16066
16075
16077
16080
16082
16083
16087
16089
16093
16099
16100
16102
16103
16111
16113
16115
16116
16123
16128
16133
16137
16146
16148
16158
16160
16165
16169
16172
16176
16180
16182
16186
16189
16191
16196
16197
16202
16207
16208
16211
16213
16214
16215
16219
16221
16223
16225
16230
16232
16233
16235
16238
16245
16248
16249
16250
16252
16253
16256
16258
16261
16266
16268
16272
16274
16275
16276
16278
16279
16286
16288
16290
16292
16297
16299
16303
16305
16306
16309
16310
16312
16313
16314
16316
16318
16319
16320
16325
16326
16327
16331
16332
16338
16346
16349
16352
16357
16365
16368
16370
16371
16372
16375
16379
16380
16385
16391
16392
16397
16400
16402
16406
16410
16412
16415
16416
16420
16423
16428
16437
16439
16441
16446
16448
16450
16456
16460
16462
16471
16472
16474
16487
16490
16497
16498
16501
16511
16513
16521
16529
16530
16531
16541
16543
16548
16549
16552
16553
16554
16555
16559
16563
16564
16567
16569
16570
16571
16575
16576
16577
16579
16581
16588
16593
16594
16596
16598
16609
16613
16616
16622
16624
16625
16629
16632
16634
16637
16638
16644
16647
16660
16662
16671
16673
16677
16678
16679
16682
16683
16686
16690
16691
16693
16694
16695
16704
16710
16711
16712
16715
16721
16723
16726
16732
16733
16734
16736
16739
16742
16743
16745
16747
16752
16753
16755
16757
16761
16763
16765
16766
16770
16774
16776
16777
16783
16785
16786
16790
16793
16800
16801
16804
16807
16810
16813
16819
16825
16829
16831
16833
16834
16836
16838
16840
16848
16850
16853
16855
16866
16867
16875
16882
16892
16894
16895
16900
16903
16906
16912
16918
16919
16920
16925
16929
16937
16938
16939
16947
16952
16953
16954
16956
16958
16962
16963
16964
16965
16974
16980
16981
16985
16986
16989
16990
16992
16997
17002
17008
17011
17014
17015
17016
17017
17026
17030
17031
17032
17043
17054
17056
17057
17064
17070
17071
17076
17080
17082
17084
17085
17086
17088
17089
17091
17092
17093
17100
17101
17103
17106
17107
17111
17112
17114
17115
17117
17122
17126
17127
17128
17133
17134
17135
17136
17138
17140
17154
17156
17166
17169
17174
17178
17183
17185
17188
17194
17196
17200
17203
17205
17206
17207
17209
17212
17217
17219
17221
17222
17223
17224
17226
17227
17232
17233
17237
17239
17244
17247
17249
17253
17255
17257
17262
17267
17268
17269
17273
17274
17275
17279
17284
17291
17294
17302
17303
17304
17308
17309
17311
17312
17316
17319
17320
17325
17328
17329
17331
17334
17339
17344
17347
17349
17352
17353
17355
17357
17361
17362
17363
17366
17373
17379
17380
17382
17383
17384
17387
17395
17396
17397
17403
17407
17409
17415
17419
17421
17422
17432
17438
17453
17454
17456
17457
17458
17460
17461
17465
17471
17474
17475
17479
17481
17485
17486
17487
17488
17490
17492
17504
17509
17511
17514
17515
17517
17520
17525
17534
17539
17548
17553
17558
17568
17573
17580
17586
17593
17606
17609
17620
17621
17626
17633
17647
17662
17666
17673
17677
17692
17694
17700
17701
17717
17718
17722
17726
17732
17734
17743
17746
17750
17752
17755
17760
17762
17763
17764
17771
17772
17781
17792
17802
17815
17829
17838
17842
17843
17856
17860
17861
17862
17865
17866
17867
17884
17893
17901
17917
17924
17932
17947
17948
17950
17959
17963
17964
17965
17969
17970
17976
17983
17984
17986
17994
17995
17998
18007
18009
18012
18013
18018
18035
18047
18048
18057
18062
18063
18066
18069
18073
18078
18080
18093
18097
18100
18102
18105
18106
18117
18123
18133
18134
18160
18178
18181
18192
18200
18203
18206
18211
18214
18215
18218
18223
18228
18231
18238
18246
18247
18249
18263
18271
18273
18276
18291
18298
18299
18302
18303
18306
18311
18315
18316
18321
18331
18332
18333
18345
18354
18358
18368
18377
18381
18383
18386
18388
18390
18391
18402
18406
18413
18415
18424
18425
18436
18438
18445
18451
18456
18458
18471
18480
18483
18495
18505
18508
18518
18525
18526
18527
18538
18545
18551
18555
18562
18572
18578
18583
18591
18594
18599
18603
18605
18614
18624
18625
18630
18639
18649
18654
18657
18659
18670
18671
18677
18680
18683
18694
18696
18697
18698
18702
18704
18706
18710
18713
18716
18719
18735
18737
18744
18745
18752
18754
18763
18765
18767
18768
18776
18782
18784
18803
18808
18810
18825
18831
18832
18839
18844
18847
18849
18854
18857
18859
18861
18864
18879
18885
18890
18893
18900
18902
18905
18906
18907
18908
18920
18925
18926
18927
18932
18935
18940
18951
18953
18955
18961
18979
18994
18999
19002
19004
19009
19011
19015
19017
19018
19027
19030
19031
19041
19046
19054
19063
19065
19066
19067
19079
19082
19084
19094
19095
19103
19104
19106
19115
19116
19125
19127
19143
19144
19164
19165
19166
19173
19181
19185
19188
19196
19202
19210
19216
19226
19232
19237
19242
19265
19273
19277
19282
19286
19292
19294
19301
19305
19310
19313
19317
19318
19324
19329
19332
19339
19341
19347
19351
19354
19363
19370
19371
19382
19386
19390
19395
19399
19405
19409
19438
19444
19445
19446
19448
19450
19454
19457
19480
19481
19484
19485
19490
19492
19493
19499
19500
19503
19522
19526
19527
19529
19533
19539
19541
19546
19550
19554
19564
19565
19570
19571
19572
19573
19574
19575
19581
19594
19598
19609
19616
19619
19626
19628
19630
19632
19633
19634
19639
19644
19662
19664
19667
19668
19677
19678
19682
19697
19699
19710
19716
19728
19730
19736
19740
19741
19745
19749
19753
19760
19761
19764
19765
19769
19773
19778
19783
19792
19793
19804
19807
19810
19812
19814
19818
19828
19858
19859
19860
19862
19865
19866
19867
19869
19878
19880
19884
19886
19890
19894
19898
19904
19911
19928
19930
19935
19939
19942
19945
19946
19947
19961
19971
19974
19982
19983
19988
19989
20002
20014
20015
20023
20035
20039
20042
20045
20047
20056
20057
20070
20074
20079
20086
20088
20097
20105
20107
20114
20119
20124
20127
20132
20155
20162
20168
20169
20180
20188
20190
20195
20197
20199
20205
20214
20217
20222
20233
20236
20242
20244
20245
20256
20257
20262
20265
20267
20273
20275
20287
20295
20302
20304
20307
20311
20312
20313
20319
20327
20328
20331
20334
20336
20349
20351
20353
20355
20366
20368
20376
20379
20381
20383
20391
20393
20396
20398
20404
20424
20434
20438
20440
20442
20444
20449
20452
20453
20454
20458
20463
20471
20473
20474
20475
20486
20494
20497
20510
20513
20523
20532
20536
20537
20539
20546
20549
20554
20555
20557
20566
20568
20574
20584
20592
20595
20602
20605
20606
20611
20616
20619
20622
20637
20643
20649
20658
20661
20667
20674
20680
20682
20686
20694
20708
20709
20710
20722
20723
20725
20731
20736
20742
20743
20745
20746
20750
20751
20752
20753
20758
20759
20761
20763
20764
20774
20777
20781
20783
20790
20795
20796
20811
20813
20816
20817
20824
20829
20831
20834
20835
20840
20843
20844
20852
20856
20857
20858
20862
20865
20866
20874
20891
20895
20896
20897
20902
20907
20910
20911
20914
20916
20924
20928
20931
20933
20937
20951
20969
20970
20973
20976
20980
20983
20985
20988
20994
20997
21000
21003
21012
21014
21020
21023
21027
21043
21044
21054
21056
21064
21071
21073
21074
21080
21087
21088
21092
21094
21095
21104
21105
21112
21118
21119
21137
21141
21142
21143
21144
21149
21150
21151
21152
21153
21154
21158
21166
21178
21180
21181
21195
21196
21199
21204
21206
21215
21217
21218
21227
21230
21231
21232
21234
21238
21243
21245
21248
21259
21270
21272
21275
21280
21283
21288
21293
21297
21305
21306
21308
21309
21310
21322
21328
21331
21333
21338
21345
21360
21369
21384
21386
21387
21393
21397
21398
21404
21407
21413
21416
21418
21422
21423
21429
21437
21439
21440
21448
21455
21458
21466
21467
21469
21472
21474
21488
21498
21522
21528
21529
21530
21531
21533
21538
21539
21540
21547
21558
21563
21564
21573
21585
21593
21594
21602
21604
21605
21615
21624
21627
21631
21633
21634
21639
21647
21651
21653
21661
21662
21674
21675
21685
21706
21720
21721
21723
21732
21743
21752
21758
21760
21761
21774
21777
21782
21795
21796
21798
21803
21808
21813
21815
21825
21829
21848
21850
21861
21863
21865
21869
21870
21871
21874
21877
21878
21881
21888
21890
21892
21893
21903
21924
21930
21932
21933
21938
21945
21947
21959
21964
21971
21974
21975
21976
21983
21984
21985
21992
21997
22001
22013
22026
22034
22037
22040
22041
22043
22048
22054
22055
22060
22062
22063
22067
22070
22072
22080
22084
22088
22089
22090
22093
22108
22109
22111
22112
22118
22123
22129
22142
22145
22146
22151
22154
22159
22163
22164
22165
22167
22175
22178
22189
22190
22194
22200
22212
22217
22221
22227
22238
22249
22254
22257
22258
22261
22264
22265
22269
22270
22271
22276
22286
22292
22293
22298
22299
22303
22304
22306
22308
22314
22316
22317
22320
22326
22329
22334
22335
22349
22350
22358
22365
22370
22372
22379
22382
22383
22388
22394
22395
22396
22399
22408
22410
22418
22419
22421
22422
22435
22437
22449
22450
22451
22458
22472
22474
22479
22490
22499
22500
22503
22506
22516
22521
22522
22529
22532
22533
22540
22545
22552
22553
22557
22564
22579
22586
22588
22596
22604
22607
22608
22609
22622
22627
22628
22636
22641
22645
22648
22656
22658
22659
22665
22674
22675
22680
22684
22688
22689
22690
22692
22693
22697
22699
22710
22713
22716
22724
22745
22747
22754
22762
22763
22769
22773
22777
22788
22790
22796
22799
22800
22816
22817
22818
22822
22824
22829
22833
22844
22847
22858
22859
22867
22873
22875
22881
22882
22884
22899
22900
22904
22906
22907
22924
22930
22936
22938
22939
22943
22951
22952
22957
22962
22967
22970
22973
22975
22982
22983
22984
22991
22993
22997
22998
23002
23004
23006
23010
23012
23015
23016
23020
23021
23024
23032
23035
23043
23052
23056
23058
23060
23061
23077
23079
23088
23096
23099
23100
23106
23107
23113
23116
23126
23127
23139
23142
23151
23155
23156
23157
23160
23163
23164
23171
23175
23182
23190
23192
23194
23195
23198
23203
23210
23213
23220
23221
23224
23232
23240
23245
23248
23254
23260
23263
23275
23277
23280
23297
23300
23311
23313
23317
23320
23332
23338
23345
23352
23357
23361
23371
23377
23379
23386
23391
23396
23398
23407
23419
23423
23425
23428
23431
23439
23446
23449
23462
23463
23477
23478
23481
23485
23489
23491
23500
23504
23507
23514
23522
23524
23528
23529
23533
23546
23548
23564
23566
23578
23581
23598
23601
23602
23607
23610
23629
23635
23644
23646
23648
23652
23659
23660
23662
23667
23674
23684
23685
23703
23709
23711
23714
23732
23738
23746
23752
23754
23767
23768
23776
23781
23786
23789
23791
23796
23797
23804
23805
23806
23808
23812
23822
23825
23830
23832
23833
23836
23837
23847
23848
23850
23851
23854
23863
23864
23866
23887
23891
23895
23897
23899
23900
23901
23921
23923
23924
23929
23933
23936
23938
23952
23959
23964
23969
23972
23978
23982
23983
23984
23997
23999
24003
24008
24010
24018
24020
24021
24024
24038
24041
24043
24044
24051
24057
24058
24068
24072
24075
24079
24094
24096
24101
24104
24109
24110
24111
24113
24119
24121
24137
24144
24146
24151
24157
24158
24161
24163
24169
24179
24191
24194
24200
24206
24212
24217
24219
24220
24224
24228
24229
24240
24247
24252
24255
24256
24257
24258
24263
24268
24269
24280
24284
24285
24288
24291
24292
24294
24297
24300
24319
24325
24329
24333
24336
24338
24341
24342
24349
24351
24355
24356
24360
24361
24365
24367
24374
24375
24381
24383
24385
24387
24395
24398
24400
24404
24417
24420
24425
24428
24441
24445
24446
24447
24450
24462
24463
24466
24470
24476
24480
24484
24486
24488
24491
24492
24502
24507
24511
24512
24514
24515
24520
24521
24527
24528
24534
24539
24540
24541
24543
24544
24549
24557
24561
24566
24567
24579
24580
24581
24583
24587
24589
24590
24591
24592
24595
24600
24602
24605
24607
24616
24620
24622
24625
24639
24641
24642
24644
24654
24661
24665
24668
24676
24677
24678
24679
24680
24681
24685
24690
24695
24700
24713
24720
24721
24725
24735
24745
24746
24750
24753
24755
24762
24764
24767
24774
24791
24792
24793
24795
24802
24807
24814
24818
24828
24833
24834
24837
24844
24851
24859
24863
24873
24881
24887
24891
24923
24931
24932
24936
24939
24943
24957
24963
24965
24968
24971
24975
24979
24983
24986
24999
25004
25007
25016
25020
25023
25027
25037
25044
25046
25048
25050
25061
25063
25066
25069
25070
25071
25082
25083
25092
25097
25100
25105
25106
25110
25117
25135
25137
25140
25144
25150
25151
25160
25162
25165
25167
25177
25178
25181
25187
25189
25190
25191
25196
25198
25199
25201
25206
25208
25209
25210
25212
25220
25224
25236
25242
25243
25244
25245
25251
25261
25264
25267
25270
25275
25278
25279
25280
25288
25290
25300
25306
25314
25316
25318
25323
25330
25331
25337
25339
25350
25352
25362
25363
25377
25385
25388
25389
25391
25405
25419
25420
25422
25428
25431
25438
25439
25457
25459
25460
25462
25463
25477
25479
25488
25489
25502
25514
25523
25531
25532
25534
25538
25544
25546
25549
25558
25567
25571
25574
25578
25581
25582
25596
25599
25600
25605
25608
25609
25611
25614
25615
25616
25619
25621
25624
25625
25644
25651
25652
25659
25668
25682
25685
25689
25696
25697
25700
25710
25712
25714
25718
25719
25731
25746
25748
25750
25762
25763
25786
25787
25789
25792
25797
25799
25807
25808
25810
25814
25816
25817
25820
25827
25838
25842
25843
25852
25853
25856
25857
25862
25872
25874
25880
25881
25891
25905
25909
25910
25915
25920
25926
25930
25942
25961
25969
25970
25974
25975
25976
25993
25995
26000
26003
26007
26008
26018
26026
26027
26040
26045
26049
26059
26060
26065
26074
26076
26077
26080
26081
26082
26083
26088
26090
26092
26093
26115
26124
26127
26137
26141
26144
26158
26162
26164
26168
26177
26178
26180
26184
26200
26207
26226
26230
26241
26248
26257
26258
26267
26269
26286
26288
26290
26292
26293
26294
26295
26296
26298
26300
26304
26310
26311
26312
26315
26320
26322
26331
26332
26341
26342
26344
26350
26361
26362
26368
26375
26376
26391
26404
26405
26412
26416
26421
26424
26427
26430
26433
26450
26452
26456
26465
26467
26470
26471
26474
26488
26491
26493
26495
26498
26499
26505
26507
26509
26519
26521
26522
26526
26532
26546
26550
26552
26565
26571
26576
26578
26592
26599
26601
26607
26614
26617
26632
26636
26637
26644
26646
26652
26656
26662
26667
26684
26693
26704
26708
26712
26722
26723
26724
26729
26737
26740
26741
26742
26743
26744
26746
26761
26764
26776
26778
26783
26787
26789
26794
26815
26818
26824
26840
26842
26843
26846
26853
26870
26877
26878
26879
26881
26899
26905
26913
26915
26918
26922
26930
26935
26937
26950
26985
26986
26994
27000
27002
27004
27007
27009
27019
27024
27026
27037
27042
27047
27048
27052
27059
27071
27073
27075
27080
27084
27089
27099
27101
27104
27128
27129
27130
27132
27137
27143
27147
27155
27170
27174
27175
27176
27178
27179
27194
27195
27200
27202
27211
27215
27216
27228
27231
27238
27251
27260
27262
27267
27268
27272
27273
27278
27280
27284
27286
27301
27306
27312
27315
27318
27319
27321
27323
27324
27330
27338
27354
27358
27371
27375
27382
27402
27404
27405
27415
27419
27425
27426
27427
27431
27434
27438
27440
27442
27444
27447
27460
27465
27487
27488
27497
27502
27506
27509
27510
27512
27516
27522
27533
27537
27538
27545
27552
27553
27562
27571
27576
27582
27584
27601
27607
27609
27623
27625
27627
27636
27638
27639
27642
27645
27646
27650
27656
27681
27686
27700
27703
27706
27709
27710
27716
27724
27730
27731
27745
27749
27751
27758
27760
27768
27769
27773
27777
27780
27792
27794
27802
27809
27813
27814
27829
27832
27850
27855
27862
27867
27868
27871
27873
27901
27905
27908
27911
27931
27934
27940
27942
27944
27953
27954
27961
27962
27970
27981
27986
27989
27994
28000
28001
28003
28005
28008
28009
28014
28017
28018
28024
28025
28027
28033
28035
28036
28038
28041
28045
28052
28054
28059
28063
28064
28068
28077
28080
28081
28086
28089
28092
28096
28098
28105
28110
28113
28122
28126
28127
28133
28137
28138
28140
28148
28163
28175
28178
28179
28183
28185
28187
28192
28193
28196
28208
28210
28212
28216
28220
28223
28231
28244
28245
28248
28265
28267
28268
28270
28272
28273
28274
28276
28280
28288
28292
28297
28298
28300
28302
28305
28311
28314
28320
28326
28335
28344
28347
28352
28354
28360
28362
28363
28380
28381
28383
28393
28394
28400
28401
28402
28408
28417
28420
28428
28434
28441
28444
28449
28456
28467
28469
28474
28476
28487
28512
28515
28525
28526
28530
28532
28535
28538
28539
28541
28548
28552
28558
28559
28570
28580
28584
28585
28598
28605
28615
28617
28619
28622
28623
28625
28626
28627
28634
28636
28640
28643
28650
28653
28655
28665
28671
28675
28681
28685
28688
28694
28699
28703
28716
28724
28733
28742
28750
28761
28763
28765
28767
28780
28784
28790
28791
28794
28798
28804
28805
28810
28817
28818
28821
28822
28826
28828
28833
28840
28844
28847
28848
28858
28861
28865
28866
28873
28876
28882
28883
28887
28896
28897
28906
28910
28912
28917
28919
28921
28924
28926
28930
28937
28938
28941
28957
28958
28963
28966
28972
28975
28978
28981
28989
29003
29007
29019
29023
29029
29039
29044
29049
29053
29057
29060
29066
29068
29088
29092
29099
29104
29117
29118
29120
29121
29133
29140
29143
29146
29149
29151
29153
29160
29171
29173
29174
29176
29188
29189
29190
29203
29205
29209
29212
29219
29225
29226
29230
29231
29232
29244
29246
29252
29257
29261
29264
29270
29274
29275
29277
29280
29283
29285
29286
29288
29289
29290
29293
29295
29299
29307
29308
29309
29311
29314
29315
29318
29325
29330
29336
29338
29341
29343
29346
29347
29348
29364
29367
29378
29380
29394
29400
29409
29410
29412
29413
29429
29430
29444
29447
29468
29469
29473
29480
29485
29487
29492
29494
29497
29505
29512
29513
29515
29518
29522
29527
29536
29540
29542
29543
29544
29545
29546
29552
29555
29571
29576
29578
29587
29589
29591
29593
29596
29599
29606
29616
29620
29623
29633
29634
29639
29641
29653
29655
29659
29665
29666
29675
29693
29699
29703
29704
29710
29711
29716
29717
29724
29729
29732
29735
29744
29748
29754
29759
29761
29763
29765
29772
29777
29783
29791
29792
29794
29801
29803
29819
29837
29844
29854
29856
29860
29864
29879
29880
29881
29884
29888
29893
29917
29927
29940
29941
29944
29977
29980
30000
30002
30029
30048
30052
30069
30078
30084
30093
30101
30114
30116
30141
30152
30158
30160
30171
30172
30177
30200
30205
30233
30240
30257
30267
30271
30272
30280
30295
30297
30304
30321
30324
30331
30355
30376
30378
30383
30400
30408
30415
30426
30428
30429
30440
30467
30487
30497
30517
30520
30521
30535
30537
30539
30564
30575
30591
30595
30597
30604
30605
30609
30635
30636
30643
30645
30652
30667
30695
30699
30709
30710
30730
30743
30744
30749
30769
30811
30820
30827
30829
30830
30837
30888
30895
30904
30909
30913
30914
30924
30929
30930
30959
30963
30968
30971
30977
30979
31000
31004
31015
31023
31029
31048
31083
31086
31087
31098
31105
31119
31127
31144
31164
31165
31201
31207
31213
31214
31246
31249
31284
31286
31339
31358
31369
31391
31397
31412
31435
31450
31459
31471
31481
31488
31506
31521
31556
31586
31591
31593
31600
31635
31648
31654
31658
31674
31678
31693
31700
31715
31726
31728
31756
31757
31819
31837
31855
31863
31865
31880
31888
31896
31904
31927
31947
31955
31961
31970
31976
31987
31991
32002
32009
32016
32022
32025
32033
32056
32058
32062
32070
32076
32078
32081
32090
32091
32107
32109
32131
32140
32144
32149
32173
32188
32190
32194
32204
32206
32217
32218
32220
32232
32233
32247
32251
32256
32263
32267
32283
32290
32309
32316
32318
32326
32341
32346
32363
32365
32369
32376
32378
32398
32401
32403
32411
32432
32436
32444
32455
32460
32471
32479
32483
32484
32505
32508
32522
32538
32573
32592
32602
32613
32617
32626
32627
32629
32631
32659
32661
32662
32669
32670
32683
32703
32708
32713
32718
32721
32734
32744
32761
32775
32790
32830
32831
32839
32857
32870
32873
32874
32884
32885
32903
32905
32931
32934
32954
32967
32968
32971
32990
33000
33003
33011
33052
33058
33062
33076
33087
33117
33127
33128
33130
33146
33148
33153
33160
33162
33179
33186
33202
33214
33229
33235
33242
33243
33249
33255
33258
33268
33315
33325
33328
33336
33339
33347
33360
33363
33368
33380
33386
33414
33416
33419
33421
33438
33447
33451
33453
33461
33471
33478
33489
33502
33509
33510
33514
33516
33530
33542
33558
33572
33573
33584
33589
33596
33603
33617
33638
33647
33654
33662
33670
33683
33694
33700
33711
33728
33732
33750
33764
33767
33770
33780
33781
33797
33819
33831
33857
33864
33867
33895
33905
33919
33922
33923
33926
33933
33934
33943
33950
33960
33975
33983
33996
33999
34002
34009
34012
34017
34018
34019
34022
34026
34032
34036
34037
34040
34070
34083
34101
34106
34109
34121
34123
34125
34131
34150
34168
34173
34189
34190
34201
34231
34234
34235
34250
34259
34270
34279
34280
34283
34289
34313
34318
34321
34341
34381
34417
34421
34434
34448
34454
34459
34460
34500
34537
34547
34558
34567
34568
34578
34601
34607
34627
34646
34664
34676
34693
34705
34711
34715
34722
34724
34745
34746
34748
34750
34758
34761
34766
34780
34781
34783
34787
34799
34828
34831
34855
34856
34917
34919
34938
34944
34948
34949
34964
34989
34998
35028
35039
35042
35059
35079
35089
35095
35121
35132
35147
35149
35162
35179
35182
35195
35196
35201
35202
35209
35248
35256
35258
35263
35269
35279
35281
35282
35283
35285
35286
35317
35325
35326
35327
35343
35354
35369
35373
35377
35381
35391
35403
35411
35414
35417
35418
35422
35430
35434
35446
35456
35470
35475
35490
35509
35524
35528
35529
35544
35546
35548
35551
35553
35554
35570
35594
35599
35603
35608
35626
35633
35658
35662
35665
35683
35685
35690
35700
35701
35713
35725
35731
35738
35744
35750
35758
35761
35763
35782
35788
35796
35798
35820
35835
35846
35855
35858
35859
35873
35883
35916
35927
35929
35934
35952
35963
35973
35991
35996
36004
36007
36018
36038
36049
36052
36055
36068
36100
36106
36119
36134
36148
36149
36155
36163
36175
36180
36183
36195
36201
36228
36231
36252
36254
36279
36286
36287
36289
36311
36312
36314
36322
36323
36325
36337
36353
36356
36357
36358
36363
36370
36374
36386
36389
36393
36395
36404
36415
36427
36446
36464
36470
36482
36491
36497
36501
36506
36530
36531
36545
36558
36573
36574
36606
36610
36615
36621
36623
36627
36632
36634
36693
36698
36706
36723
36737
36750
36763
36771
36786
36789
36819
36836
36858
36862
36886
36889
36901
36909
36924
36925
36927
36955
36981
36993
37022
37032
37034
37035
37039
37041
37049
37061
37062
37063
37065
37066
37068
37078
37079
37083
37087
37102
37103
37130
37146
37160
37165
37177
37178
37181
37182
37189
37191
37199
37233
37240
37246
37250
37265
37276
37279
37322
37324
37325
37328
37330
37334
37355
37358
37371
37377
37432
37439
37456
37493
37495
37504
37517
37519
37522
37532
37558
37561
37566
37605
37619
37628
37646
37648
37664
37672
37673
37674
37690
37693
37704
37712
37718
37728
37729
37738
37747
37758
37761
37772
37783
37788
37806
37841
37843
37867
37869
37870
37872
37877
37879
37881
37883
37905
37909
37931
37944
37945
37949
37950
37955
37962
37976
37978
37984
37999
38000
38003
38010
38011
38023
38029
38036
38039
38041
38043
38044
38051
38052
38053
38083
38091
38098
38112
38130
38154
38179
38185
38187
38190
38198
38205
38208
38217
38222
38224
38233
38235
38238
38254
38285
38289
38299
38307
38312
38320
38321
38326
38334
38335
38340
38341
38342
38344
38345
38368
38387
38410
38419
38431
38433
38466
38478
38479
38499
38518
38519
38533
38536
38545
38547
38551
38566
38574
38576
38580
38581
38586
38591
38613
38617
38618
38628
38633
38635
38639
38656
38670
38675
38681
38683
38711
38716
38718
38748
38753
38770
38772
38782
38783
38791
38796
38823
38828
38847
38849
38855
38885
38898
38900
38913
38921
38937
38943
38948
38963
38970
38977
38980
39006
39012
39026
39027
39037
39044
39049
39056
39059
39076
39080
39083
39104
39113
39121
39138
39149
39153
39170
39179
39196
39201
39213
39223
39230
39236
39241
39245
39260
39271
39281
39286
39288
39301
39311
39329
39372
39379
39380
39386
39392
39396
39397
39409
39431
39435
39447
39471
39477
39480
39486
39504
39519
39521
39530
39531
39553
39574
39584
39589
39601
39606
39619
39628
39631
39650
39664
39666
39670
39691
39709
39716
39719
39723
39725
39739
39760
39763
39774
39780
39793
39815
39819
39826
39863
39875
39877
39883
39886
39899
39904
39907
39914
39926
39927
39957
39959
39966
39995
40012
40018
40022
40104
40113
40125
40131
40143
40150
40159
40190
40193
40194
40197
40211
40241
40245
40271
40275
40287
40294
40317
40319
40320
40321
40328
40332
40334
40343
40346
40349
40355
40359
40379
40401
40411
40418
40420
40432
40442
40448
40460
40476
40479
40482
40485
40492
40504
40516
40525
40526
40535
40542
40548
40556
40586
40589
40590
40607
40612
40618
40619
40621
40635
40639
40644
40648
40649
40652
40654
40679
40680
40703
40708
40733
40740
40741
40746
40747
40752
40761
40768
40796
40802
40806
40807
40818
40830
40843
40851
40861
40867
40872
40873
40876
40890
40896
40906
40910
40928
40945
40956
40978
40984
41019
41030
41036
41038
41040
41055
41068
41073
41118
41121
41124
41131
41146
41151
41152
41164
41167
41179
41200
41212
41220
41222
41233
41234
41235
41238
41242
41243
41258
41266
41274
41277
41300
41324
41345
41352
41355
41410
41414
41432
41435
41452
41456
41457
41460
41467
41484
41490
41510
41524
41546
41557
41574
41588
41600
41606
41609
41613
41628
41636
41651
41664
41677
41682
41696
41702
41731
41740
41741
41745
41751
41756
41762
41772
41774
41792
41797
41800
41806
41818
41821
41842
41848
41851
41855
41858
41863
41868
41879
41880
41882
41900
41907
41929
41932
41960
41971
41975
42010
42019
42026
42039
42044
42057
42069
42073
42083
42103
42105
42110
42148
42151
42165
42166
42175
42179
42183
42190
42199
42201
42204
42205
42226
42231
42235
42241
42248
42272
42283
42288
42298
42301
42309
42320
42332
42361
42364
42372
42376
42379
42399
42400
42435
42439
42446
42456
42465
42476
42493
42517
42519
42543
42559
42563
42566
42569
42572
42573
42576
42587
42589
42597
42618
42621
42622
42628
42630
42644
42649
42674
42678
42688
42711
42722
42754
42755
42759
42784
42786
42796
42797
42804
42808
42829
42844
42852
42867
42869
42878
42883
42892
42908
42929
42931
42934
42945
42952
42972
42984
42992
42998
43002
43012
43037
43045
43054
43073
43076
43077
43092
43125
43138
43160
43184
43194
43211
43219
43220
43245
43252
43253
43266
43277
43279
43288
43289
43292
43301
43303
43324
43342
43363
43368
43375
43378
43403
43427
43442
43451
43454
43458
43475
43479
43483
43504
43508
43525
43542
43548
43564
43592
43610
43628
43639
43649
43657
43659
43660
43664
43667
43670
43698
43700
43708
43709
43727
43731
43740
43750
43754
43757
43771
43775
43777
43783
43811
43814
43828
43829
43831
43838
43849
43867
43875
43907
43909
43924
43944
43945
43947
43949
43951
43963
43965
43967
43980
43989
43992
43993
43996
43998
44001
44017
44027
44031
44035
44037
44045
44067
44074
44082
44116
44122
44126
44136
44141
44143
44145
44148
44149
44165
44167
44170
44175
44176
44178
44243
44245
44257
44275
44294
44296
44298
44299
44303
44307
44319
44320
44350
44369
44426
44430
44443
44454
44461
44463
44464
44468
44470
44476
44484
44494
44498
44500
44508
44545
44546
44552
44568
44580
44582
44592
44599
44609
44616
44618
44619
44624
44630
44637
44645
44653
44662
44666
44668
44680
44709
44715
44719
44721
44731
44741
44742
44743
44746
44749
44764
44770
44771
44773
44778
44785
44794
44799
44805
44806
44820
44830
44849
44864
44866
44875
44884
44887
44906
44924
44925
44930
44932
44940
44946
44956
44961
44967
44968
44970
44975
45004
45010
45035
45064
45067
45081
45085
45088
45089
45096
45102
45106
45113
45123
45143
45156
45163
45166
45176
45182
45186
45188
45190
45232
45233
45242
45259
45262
45264
45265
45270
45288
45297
45301
45304
45313
45314
45339
45344
45347
45348
45349
45357
45358
45364
45373
45384
45387
45390
45391
45393
45412
45413
45419
45423
45438
45445
45457
45484
45507
45509
45513
45516
45525
45546
45556
45559
45564
45594
45601
45604
45615
45621
45652
45656
45666
45679
45716
45737
45763
45800
45827
45845
45886
45904
45919
45927
45936
45956
45982
46019
46041
46046
46054
46086
46108
46113
46116
46137
46148
46159
46192
46200
46224
46277
46287
46294
46297
46303
46324
46338
46343
46344
46362
46366
46367
46369
46380
46394
46409
46419
46420
46430
46434
46439
46458
46474
46480
46486
46513
46523
46548
46553
46554
46576
46585
46586
46593
46603
46613
46614
46619
46625
46631
46632
46637
46655
46678
46680
46689
46692
46701
46706
46725
46738
46740
46749
46750
46756
46763
46770
46782
46802
46807
46822
46831
46839
46843
46864
46872
46873
46876
46881
46897
46898
46902
46910
46922
46934
46935
46936
46945
46949
46964
46969
46981
46987
46990
46992
47017
47022
47042
47048
47050
47061
47068
47089
47093
47102
47104
47105
47106
47140
47143
47163
47176
47201
47207
47215
47220
47227
47242
47243
47253
47267
47271
47274
47298
47317
47320
47324
47326
47328
47329
47332
47336
47337
47339
47355
47375
47379
47381
47398
47401
47402
47404
47418
47421
47428
47431
47433
47444
47446
47456
47458
47468
47473
47483
47486
47520
47525
47550
47557
47560
47579
47581
47585
47599
47617
47645
47651
47676
47677
47678
47685
47689
47691
47693
47711
47726
47740
47754
47763
47766
47771
47799
47802
47805
47834
47849
47852
47862
47865
47882
47906
47912
47916
47925
47931
47943
47946
47966
47969
47981
47991
47994
48001
48009
48013
48024
48026
48032
48054
48059
48069
48071
48094
48096
48100
48105
48108
48109
48119
48130
48136
48145
48147
48148
48174
48187
48197
48209
48212
48217
48239
48246
48252
48254
48257
48266
48280
48289
48291
48295
48317
48318
48324
48327
48347
48350
48355
48359
48363
48378
48389
48415
48416
48419
48424
48428
48430
48458
48470
48476
48485
48489
48492
48508
48514
48516
48520
48546
48554
48556
48557
48560
48580
48587
48618
48635
48643
48653
48663
48671
48677
48687
48691
48729
48748
48777
48778
48782
48788
48792
48842
48844
48847
48850
48851
48852
48856
48859
48861
48869
48891
48908
48924
48926
48930
48939
48958
48968
48971
48978
48979
48986
49004
49006
49018
49050
49067
49091
49092
49100
49107
49128
49130
49149
49164
49168
49169
49174
49176
49189
49205
49219
49236
49245
49255
49263
49276
49303
49308
49339
49340
49344
49346
49349
49359
49371
49373
49375
49387
49410
49420
49423
49439
49441
49490
49497
49498
49507
49510
49511
49513
49517
49525
49528
49530
49535
49555
49556
49557
49559
49615
49628
49633
49635
49641
49651
49656
49660
49671
49672
49711
49717
49723
49734
49735
49739
49761
49799
49837
49856
49863
49868
49869
49891
49921
49930
49941
49992
49994
