5
8
21
22
29
30
35
41
42
45
46
47
48
49
54
55
56
57
60
61
63
75
77
79
93
94
97
99
101
105
112
115
116
120
129
137
140
150
151
160
165
174
176
177
179
180
184
185
189
194
197
199
201
206
213
220
223
226
227
233
236
246
255
261
262
264
271
275
276
279
282
284
293
301
302
303
304
308
311
317
323
325
330
332
335
337
341
344
348
349
352
364
370
371
372
373
375
376
377
378
383
389
390
392
396
399
401
404
405
407
415
417
421
427
432
436
439
448
453
454
455
457
458
467
468
471
481
483
497
504
506
513
519
522
527
533
538
547
554
555
557
558
564
565
568
576
578
586
590
595
598
599
600
603
604
605
606
608
614
615
624
626
628
629
635
637
649
650
658
663
669
675
676
687
694
695
696
698
699
700
701
705
708
713
714
717
724
729
731
733
735
737
743
747
748
752
757
761
762
765
770
772
774
775
782
783
799
800
802
806
810
812
815
822
823
828
829
833
841
843
845
861
866
868
869
871
872
873
874
875
878
879
893
902
905
906
911
912
917
922
924
925
927
934
936
938
940
941
942
961
962
965
966
969
974
975
978
979
983
989
992
997
998
1002
1003
1006
1010
1012
1016
1021
1029
1030
1037
1039
1041
1044
1059
1068
1084
1086
1097
1103
1109
1110
1119
1123
1124
1130
1139
1142
1143
1144
1146
1147
1150
1153
1164
1166
1168
1170
1176
1178
1182
1185
1187
1188
1189
1195
1205
1209
1211
1214
1216
1227
1234
1243
1249
1251
1252
1256
1260
1266
1270
1278
1295
1296
1301
1302
1304
1305
1306
1312
1319
1329
1334
1335
1338
1339
1340
1346
1356
1359
1364
1371
1376
1381
1382
1385
1389
1394
1400
1408
1410
1421
1424
1428
1432
1434
1438
1443
1448
1454
1463
1466
1470
1473
1474
1476
1477
1481
1484
1492
1493
1498
1501
1502
1507
1514
1520
1522
1524
1530
1532
1533
1535
1540
1541
1542
1547
1548
1551
1559
1560
1565
1569
1578
1589
1593
1594
1596
1598
1599
1601
1603
1604
1607
1608
1609
1621
1626
1629
1632
1650
1651
1658
1660
1664
1668
1674
1675
1677
1681
1684
1685
1689
1701
1703
1704
1707
1708
1709
1711
1715
1723
1726
1727
1731
1740
1745
1747
1752
1755
1757
1759
1769
1776
1777
1781
1792
1811
1816
1824
1831
1839
1848
1850
1852
1866
1867
1869
1871
1872
1878
1885
1887
1897
1907
1913
1916
1918
1926
1935
1936
1938
1950
1954
1958
1960
1964
1966
1973
1977
1980
1988
1990
1999
2004
2005
2006
2009
2010
2011
2014
2021
2027
2029
2034
2035
2037
2038
2046
2053
2056
2060
2066
2072
2079
2082
2087
2094
2101
2107
2118
2125
2132
2137
2142
2143
2145
2153
2154
2155
2156
2163
2169
2171
2175
2182
2186
2189
2193
2195
2197
2200
2202
2209
2217
2219
2224
2230
2233
2235
2245
2247
2248
2249
2258
2259
2262
2264
2270
2277
2280
2283
2286
2287
2289
2318
2320
2322
2327
2330
2339
2340
2341
2342
2345
2349
2350
2355
2362
2365
2376
2377
2383
2387
2389
2390
2391
2394
2401
2402
2403
2406
2408
2413
2419
2420
2421
2423
2427
2429
2431
2433
2435
2446
2451
2453
2457
2459
2460
2470
2473
2478
2481
2486
2488
2490
2491
2496
2501
2504
2512
2513
2515
2520
2525
2533
2538
2545
2559
2561
2568
2569
2570
2574
2578
2582
2587
2597
2598
2600
2613
2615
2617
2622
2626
2627
2628
2630
2633
2639
2642
2652
2656
2659
2660
2661
2662
2675
2680
2683
2692
2693
2699
2703
2704
2707
2711
2713
2714
2718
2720
2731
2744
2747
2752
2753
2756
2759
2762
2765
2769
2773
2775
2780
2800
2802
2804
2808
2816
2822
2824
2827
2828
2832
2833
2848
2849
2851
2855
2859
2861
2862
2863
2870
2875
2882
2885
2887
2895
2902
2913
2931
2932
2938
2942
2946
2948
2949
2950
2957
2958
2959
2962
2964
2967
2972
2975
2988
2994
2996
3011
3020
3024
3025
3042
3049
3051
3053
3059
3062
3063
3064
3066
3073
3076
3084
3085
3092
3100
3102
3108
3109
3110
3113
3114
3117
3120
3128
3136
3140
3164
3178
3180
3183
3184
3188
3190
3193
3195
3197
3203
3204
3205
3211
3214
3218
3224
3230
3238
3246
3257
3263
3270
3273
3277
3281
3284
3285
3289
3292
3295
3304
3309
3315
3318
3321
3325
3327
3329
3332
3334
3335
3336
3337
3344
3347
3349
3352
3361
3362
3366
3367
3370
3375
3378
3382
3387
3388
3390
3395
3399
3402
3415
3416
3417
3426
3436
3438
3440
3441
3443
3444
3447
3454
3455
3461
3466
3467
3478
3483
3485
3488
3490
3504
3505
3511
3512
3515
3520
3523
3535
3536
3538
3539
3548
3549
3559
3564
3565
3568
3569
3570
3571
3574
3575
3582
3583
3585
3591
3601
3605
3607
3609
3618
3634
3639
3644
3647
3650
3661
3665
3674
3678
3679
3689
3693
3694
3696
3701
3708
3713
3717
3721
3725
3727
3731
3734
3735
3736
3741
3743
3744
3762
3763
3769
3770
3771
3773
3787
3789
3791
3796
3808
3813
3815
3827
3830
3831
3840
3842
3845
3848
3851
3852
3859
3864
3868
3870
3880
3884
3891
3892
3893
3899
3900
3901
3903
3905
3906
3908
3909
3918
3922
3924
3925
3927
3934
3935
3937
3938
3940
3944
3945
3948
3951
3954
3961
3962
3964
3971
3979
3987
3990
3992
3999
4002
4006
4007
4010
4011
4017
4018
4027
4030
4034
4039
4040
4043
4046
4048
4050
4060
4061
4062
4079
4080
4081
4084
4085
4086
4096
4097
4100
4101
4102
4103
4110
4125
4132
4139
4141
4145
4151
4154
4155
4156
4162
4163
4165
4166
4171
4172
4176
4183
4185
4189
4192
4199
4200
4202
4209
4211
4214
4220
4229
4233
4239
4240
4242
4249
4250
4264
4265
4269
4270
4271
4273
4281
4282
4295
4299
4311
4314
4322
4323
4326
4329
4334
4337
4338
4348
4349
4351
4352
4353
4354
4355
4358
4360
4368
4370
4373
4376
4378
4384
4387
4390
4398
4402
4403
4405
4410
4411
4420
4423
4424
4426
4428
4437
4444
4460
4468
4470
4476
4477
4486
4490
4491
4492
4493
4496
4498
4503
4504
4505
4509
4516
4517
4523
4524
4533
4537
4540
4543
4547
4549
4552
4553
4557
4559
4560
4563
4564
4565
4567
4569
4571
4574
4575
4577
4578
4592
4597
4598
4599
4601
4604
4607
4610
4615
4617
4619
4621
4625
4626
4631
4632
4634
4636
4639
4645
4651
4653
4654
4655
4657
4661
4664
4673
4677
4681
4683
4689
4696
4703
4707
4709
4717
4719
4721
4722
4726
4727
4732
4739
4741
4746
4748
4759
4762
4764
4765
4774
4775
4777
4778
4787
4796
4798
4799
4816
4819
4821
4827
4840
4853
4854
4858
4859
4861
4864
4866
4867
4868
4869
4876
4878
4887
4888
4896
4906
4918
4919
4925
4929
4931
4935
4940
4941
4942
4944
4945
4946
4949
4952
4953
4954
4957
4958
4967
4971
4980
4983
4984
4987
4991
4993
4996
5002
5003
5010
5012
5015
5016
5018
5021
5028
5033
5037
5038
5050
5052
5053
5064
5065
5069
5070
5074
5080
5082
5089
5093
5094
5102
5103
5106
5111
5115
5123
5125
5130
5144
5147
5150
5154
5157
5163
5165
5166
5171
5174
5181
5184
5194
5196
5197
5204
5207
5210
5211
5215
5216
5219
5223
5226
5229
5232
5236
5247
5248
5249
5257
5266
5269
5282
5290
5297
5299
5309
5311
5314
5322
5323
5324
5327
5331
5334
5341
5343
5344
5346
5347
5349
5356
5362
5370
5371
5376
5384
5389
5391
5404
5414
5417
5422
5426
5428
5432
5434
5438
5441
5445
5450
5457
5459
5460
5468
5470
5472
5477
5479
5481
5484
5491
5494
5512
5515
5516
5521
5529
5530
5533
5535
5539
5540
5544
5545
5549
5552
5553
5554
5557
5566
5567
5568
5571
5580
5581
5586
5587
5589
5593
5603
5604
5614
5618
5623
5626
5627
5629
5638
5639
5640
5642
5649
5656
5657
5659
5663
5665
5666
5673
5677
5683
5684
5685
5686
5696
5699
5702
5703
5707
5709
5717
5719
5722
5724
5725
5738
5743
5744
5747
5757
5758
5765
5769
5770
5773
5775
5781
5791
5803
5810
5814
5822
5825
5828
5831
5841
5843
5852
5856
5858
5859
5862
5864
5873
5874
5883
5885
5888
5892
5901
5903
5913
5917
5918
5922
5924
5926
5928
5933
5939
5942
5951
5952
5954
5955
5956
5959
5967
5969
5971
5972
5973
5979
5980
5981
5983
5984
5988
5994
6007
6008
6013
6014
6015
6019
6020
6022
6028
6031
6045
6054
6058
6062
6063
6064
6067
6068
6073
6075
6084
6085
6090
6098
6103
6112
6113
6120
6121
6122
6124
6130
6132
6135
6137
6142
6162
6165
6170
6181
6187
6188
6190
6191
6205
6208
6209
6210
6217
6221
6226
6232
6233
6236
6240
6241
6242
6244
6256
6260
6266
6269
6273
6276
6285
6289
6295
6302
6304
6307
6308
6312
6313
6317
6323
6325
6327
6328
6331
6332
6349
6354
6356
6359
6361
6366
6367
6370
6371
6373
6374
6376
6377
6378
6380
6382
6385
6388
6392
6393
6396
6399
6400
6402
6405
6408
6410
6411
6420
6425
6427
6428
6434
6440
6445
6447
6461
6464
6479
6489
6493
6494
6496
6502
6503
6504
6512
6518
6529
6532
6535
6543
6544
6547
6552
6553
6559
6563
6567
6570
6580
6584
6589
6594
6597
6607
6609
6617
6618
6623
6629
6630
6634
6636
6638
6639
6640
6650
6656
6660
6663
6665
6668
6670
6678
6682
6683
6685
6687
6688
6701
6702
6703
6704
6709
6711
6719
6722
6725
6731
6733
6735
6736
6738
6741
6743
6751
6757
6761
6765
6774
6779
6782
6786
6787
6798
6799
6812
6814
6816
6819
6820
6833
6844
6849
6851
6856
6857
6858
6860
6867
6869
6871
6879
6884
6885
6886
6894
6899
6901
6904
6907
6908
6917
6919
6920
6921
6923
6928
6929
6933
6947
6952
6954
6955
6956
6969
6971
6972
6973
6978
6981
6985
6987
6988
6995
7002
7005
7008
7009
7014
7015
7018
7030
7032
7033
7035
7038
7047
7053
7059
7060
7065
7075
7081
7086
7089
7090
7093
7094
7095
7098
7102
7107
7123
7124
7130
7135
7136
7141
7144
7151
7162
7168
7174
7177
7179
7183
7185
7187
7188
7194
7196
7198
7202
7203
7208
7212
7214
7220
7221
7225
7234
7238
7243
7251
7256
7259
7261
7263
7274
7286
7288
7289
7297
7299
7300
7308
7311
7312
7320
7322
7324
7326
7327
7328
7334
7338
7342
7344
7347
7349
7350
7358
7360
7363
7370
7371
7374
7375
7377
7379
7380
7381
7386
7390
7396
7397
7402
7406
7408
7409
7411
7423
7425
7427
7434
7437
7438
7442
7444
7445
7462
7464
7470
7475
7477
7490
7491
7500
7502
7503
7504
7505
7509
7511
7517
7520
7527
7528
7529
7530
7537
7540
7542
7543
7547
7548
7550
7552
7555
7567
7572
7573
7576
7579
7581
7587
7588
7589
7592
7596
7597
7599
7600
7607
7609
7612
7620
7622
7631
7643
7644
7647
7649
7653
7654
7655
7658
7659
7660
7663
7674
7676
7677
7683
7688
7696
7700
7707
7709
7714
7718
7721
7723
7727
7728
7731
7738
7745
7747
7757
7770
7772
7774
7778
7782
7783
7784
7788
7792
7801
7803
7805
7808
7810
7826
7827
7832
7835
7841
7842
7847
7850
7853
7858
7859
7861
7865
7869
7875
7879
7882
7883
7884
7889
7897
7898
7905
7907
7913
7914
7915
7919
7925
7926
7930
7936
7942
7952
7962
7963
7965
7970
7971
7972
7979
7982
7983
7985
7986
7991
7992
7998
8001
8004
8018
8019
8023
8028
8043
8044
8047
8054
8058
8062
8064
8065
8068
8072
8078
8079
8080
8081
8082
8083
8085
8086
8088
8090
8093
8094
8095
8096
8097
8098
8099
8102
8105
8112
8116
8118
8119
8122
8127
8130
8132
8135
8136
8144
8147
8149
8153
8155
8157
8158
8160
8162
8169
8172
8173
8177
8178
8181
8182
8184
8185
8189
8190
8194
8195
8197
8199
8200
8201
8207
8209
8210
8216
8217
8219
8221
8232
8237
8242
8244
8249
8250
8255
8257
8258
8260
8266
8268
8272
8275
8279
8280
8286
8288
8292
8296
8297
8300
8302
8313
8321
8322
8324
8328
8339
8342
8349
8350
8352
8355
8359
8361
8362
8365
8371
8374
8376
8378
8382
8383
8385
8387
8389
8392
8396
8401
8409
8410
8411
8417
8418
8419
8421
8425
8432
8437
8438
8439
8443
8444
8449
8450
8451
8453
8467
8471
8476
8477
8478
8480
8485
8486
8488
8504
8507
8515
8520
8522
8524
8528
8529
8534
8535
8536
8547
8548
8549
8550
8553
8556
8558
8566
8567
8569
8570
8573
8576
8577
8578
8579
8582
8598
8600
8607
8610
8623
8629
8637
8638
8655
8660
8661
8663
8669
8678
8682
8685
8690
8693
8695
8696
8702
8704
8712
8713
8714
8733
8736
8738
8740
8741
8746
8748
8753
8756
8757
8759
8770
8774
8778
8782
8791
8794
8796
8797
8806
8808
8810
8813
8815
8825
8833
8842
8844
8846
8849
8853
8855
8857
8858
8860
8862
8864
8868
8874
8881
8882
8888
8889
8894
8898
8900
8912
8920
8925
8934
8936
8938
8941
8942
8953
8957
8963
8964
8969
8971
8973
8978
8981
8985
8986
8994
8995
9000
9002
9004
9007
9009
9014
9016
9024
9029
9031
9047
9048
9054
9056
9057
9058
9059
9062
9064
9067
9069
9077
9078
9080
9081
9083
9085
9088
9089
9094
9096
9099
9111
9113
9116
9119
9121
9123
9124
9127
9137
9140
9148
9153
9157
9162
9163
9168
9171
9179
9181
9182
9189
9191
9192
9193
9194
9209
9210
9216
9221
9228
9230
9232
9236
9248
9249
9251
9253
9257
9262
9263
9266
9281
9287
9289
9292
9296
9307
9311
9312
9314
9318
9319
9322
9325
9328
9330
9335
9345
9349
9350
9362
9364
9373
9375
9379
9384
9385
9390
9392
9401
9402
9403
9407
9409
9411
9413
9417
9421
9430
9435
9438
9449
9455
9462
9463
9464
9465
9471
9478
9485
9493
9494
9495
9499
9502
9508
9509
9510
9512
9518
9520
9522
9524
9525
9526
9528
9533
9534
9538
9539
9542
9544
9553
9561
9562
9566
9569
9578
9579
9580
9582
9583
9584
9596
9597
9603
9604
9610
9611
9614
9616
9619
9620
9631
9635
9638
9643
9646
9657
9658
9666
9667
9670
9671
9679
9687
9690
9695
9696
9697
9707
9710
9712
9714
9717
9718
9734
9736
9744
9745
9750
9751
9754
9755
9759
9764
9765
9767
9776
9781
9793
9799
9800
9801
9809
9813
9819
9822
9827
9831
9832
9837
9848
9849
9853
9854
9857
9858
9859
9860
9862
9863
9866
9868
9874
9881
9889
9890
9894
9895
9900
9905
9907
9908
9910
9916
9920
9925
9927
9934
9943
9945
9946
9952
9954
9965
9966
9968
9983
9984
9985
9986
9991
9993
9997
9998
10000
10006
10008
10010
10019
10020
10024
10031
10039
10043
10049
10050
10054
10057
10061
10064
10070
10074
10079
10086
10100
10111
10112
10115
10116
10124
10128
10130
10133
10136
10141
10146
10148
10151
10152
10159
10166
10169
10174
10197
10202
10204
10205
10212
10213
10215
10217
10241
10243
10244
10248
10249
10251
10254
10265
10266
10267
10275
10276
10280
10289
10292
10297
10298
10299
10301
10304
10314
10318
10323
10324
10325
10326
10329
10330
10332
10334
10338
10340
10343
10352
10353
10355
10359
10360
10365
10366
10367
10370
10372
10377
10380
10391
10392
10393
10394
10396
10398
10399
10401
10403
10404
10406
10417
10425
10433
10436
10446
10450
10455
10458
10469
10470
10474
10476
10486
10487
10490
10493
10495
10499
10500
10506
10512
10513
10516
10519
10522
10526
10535
10541
10544
10545
10548
10553
10557
10564
10566
10567
10569
10570
10571
10574
10576
10577
10578
10586
10589
10593
10594
10597
10601
10607
10608
10617
10629
10633
10637
10650
10652
10653
10655
10656
10660
10667
10672
10674
10675
10677
10678
10681
10686
10689
10690
10693
10700
10703
10711
10713
10714
10716
10720
10724
10725
10728
10729
10732
10741
10747
10750
10752
10755
10761
10764
10771
10776
10777
10782
10784
10787
10795
10796
10798
10801
10804
10808
10811
10812
10818
10819
10823
10826
10831
10839
10846
10847
10854
10855
10860
10861
10867
10868
10872
10873
10893
10896
10898
10902
10911
10912
10933
10935
10940
10951
10952
10954
10955
10963
10964
10966
10969
10982
10987
10989
10990
10992
10995
11000
11002
11003
11007
11008
11011
11012
11014
11017
11018
11020
11022
11023
11025
11029
11031
11037
11050
11054
11056
11060
11064
11073
11076
11078
11080
11087
11091
11100
11105
11106
11107
11114
11115
11119
11122
11123
11129
11131
11133
11137
11151
11160
11169
11171
11175
11176
11178
11179
11185
11187
11188
11193
11194
11198
11208
11216
11218
11223
11224
11229
11231
11237
11238
11240
11243
11251
11255
11256
11263
11264
11270
11276
11278
11280
11283
11297
11301
11302
11303
11304
11305
11307
11308
11313
11318
11325
11333
11336
11342
11344
11354
11356
11357
11361
11362
11367
11372
11374
11380
11389
11395
11400
11407
11409
11416
11421
11423
11424
11425
11427
11431
11433
11440
11443
11449
11451
11462
11467
11470
11473
11474
11475
11476
11477
11479
11480
11482
11487
11497
11509
11514
11515
11522
11528
11534
11535
11537
11546
11548
11554
11558
11563
11571
11572
11578
11579
11580
11583
11600
11612
11614
11615
11618
11619
11625
11628
11629
11633
11639
11642
11643
11646
11653
11661
11663
11664
11666
11668
11671
11679
11682
11683
11689
11691
11694
11695
11696
11698
11702
11707
11708
11709
11721
11730
11731
11732
11734
11744
11746
11750
11762
11766
11767
11768
11772
11775
11776
11782
11783
11787
11791
11802
11804
11811
11812
11817
11824
11829
11831
11835
11836
11838
11844
11849
11850
11851
11855
11857
11867
11871
11873
11879
11884
11887
11890
11896
11897
11902
11908
11912
11913
11916
11918
11919
11922
11934
11937
11939
11943
11944
11946
11955
11958
11961
11963
11966
11968
11969
11971
11975
11976
11979
11985
11989
11992
11998
12003
12009
12010
12016
12017
12018
12025
12027
12028
12029
12030
12031
12032
12037
12038
12047
12049
12050
12051
12052
12056
12062
12067
12070
12072
12073
12078
12079
12080
12083
12095
12098
12100
12102
12121
12123
12129
12130
12131
12133
12139
12140
12147
12149
12158
12164
12165
12166
12169
12170
12173
12178
12180
12181
12188
12191
12192
12200
12203
12209
12219
12226
12228
12230
12231
12232
12234
12239
12247
12250
12252
12257
12260
12265
12270
12274
12275
12276
12280
12283
12284
12289
12291
12292
12294
12295
12296
12297
12299
12303
12316
12317
12321
12323
12325
12328
12340
12342
12344
12345
12346
12350
12355
12360
12363
12370
12371
12373
12375
12376
12384
12388
12391
12393
12398
12409
12412
12414
12416
12419
12420
12423
12424
12428
12429
12430
12435
12451
12458
12461
12469
12470
12472
12473
12474
12477
12478
12492
12493
12495
12499
12501
12507
12509
12510
12516
12519
12521
12523
12532
12533
12534
12536
12538
12540
12542
12548
12549
12552
12553
12560
12569
12570
12582
12584
12586
12589
12592
12603
12607
12611
12620
12622
12629
12634
12635
12640
12642
12643
12648
12659
12660
12668
12671
12672
12674
12676
12685
12704
12707
12719
12720
12721
12724
12730
12732
12738
12740
12741
12742
12743
12749
12754
12755
12757
12761
12764
12766
12767
12774
12776
12777
12782
12785
12800
12802
12803
12807
12808
12809
12812
12817
12818
12820
12828
12830
12836
12851
12854
12856
12859
12860
12865
12872
12883
12886
12890
12894
12898
12903
12905
12910
12911
12915
12916
12919
12920
12922
12923
12924
12927
12930
12936
12944
12946
12953
12958
12960
12963
12964
12967
12971
12977
12978
12981
12982
12990
12991
12993
12999
13004
13006
13007
13008
13011
13016
13028
13030
13031
13036
13037
13040
13043
13047
13051
13052
13055
13057
13059
13060
13065
13068
13069
13075
13080
13083
13084
13086
13088
13090
13091
13106
13107
13108
13110
13118
13129
13144
13152
13158
13165
13166
13174
13181
13182
13189
13194
13202
13206
13217
13223
13225
13229
13230
13233
13238
13240
13242
13244
13248
13253
13254
13260
13262
13264
13277
13278
13289
13296
13297
13300
13301
13309
13310
13311
13312
13314
13317
13318
13324
13326
13327
13334
13336
13341
13348
13356
13357
13361
13366
13368
13375
13382
13396
13398
13400
13401
13402
13415
13417
13419
13420
13422
13431
13433
13434
13436
13457
13458
13459
13462
13467
13472
13473
13478
13480
13483
13485
13486
13487
13488
13489
13490
13497
13505
13507
13508
13509
13522
13526
13530
13533
13541
13542
13544
13549
13555
13556
13561
13563
13567
13570
13571
13575
13578
13583
13585
13594
13602
13608
13612
13613
13627
13629
13632
13637
13640
13643
13649
13650
13656
13658
13660
13668
13677
13682
13688
13707
13710
13712
13713
13714
13716
13735
13747
13751
13757
13768
13769
13770
13793
13794
13800
13801
13811
13814
13817
13820
13833
13835
13839
13841
13843
13845
13850
13852
13853
13858
13860
13861
13864
13873
13876
13880
13884
13887
13891
13892
13894
13895
13897
13899
13902
13908
13915
13922
13924
13936
13937
13940
13944
13951
13964
13966
13968
13972
13979
13985
13993
13995
13997
13999
14005
14018
14022
14023
14025
14034
14035
14040
14048
14052
14056
14061
14062
14063
14067
14069
14079
14080
14081
14088
14094
14096
14106
14108
14110
14114
14116
14117
14121
14122
14124
14127
14128
14129
14135
14136
14137
14138
14139
14147
14152
14153
14154
14156
14161
14165
14167
14169
14171
14174
14179
14190
14191
14193
14194
14199
14201
14203
14206
14209
14210
14213
14216
14230
14238
14240
14246
14247
14250
14252
14268
14275
14283
14294
14297
14298
14300
14307
14309
14311
14312
14317
14320
14325
14328
14329
14331
14334
14335
14340
14341
14342
14343
14347
14350
14351
14358
14360
14365
14378
14379
14390
14393
14407
14409
14413
14421
14423
14434
14441
14448
14450
14451
14455
14456
14460
14461
14468
14469
14470
14472
14473
14478
14479
14482
14484
14486
14487
14488
14496
14499
14500
14502
14507
14509
14511
14512
14518
14519
14520
14524
14528
14534
14535
14548
14550
14567
14578
14585
14588
14590
14591
14592
14593
14594
14597
14601
14611
14612
14615
14619
14620
14622
14623
14649
14650
14651
14652
14654
14658
14662
14666
14668
14674
14676
14689
14697
14698
14703
14708
14712
14715
14716
14722
14727
14732
14739
14751
14752
14754
14755
14756
14761
14776
14777
14778
14781
14782
14785
14792
14793
14794
14796
14805
14806
14807
14810
14811
14819
14842
14844
14848
14849
14855
14856
14863
14867
14871
14874
14877
14898
14903
14909
14912
14918
14919
14924
14927
14945
14948
14949
14958
14962
14966
14977
14988
14995
15000
15003
15006
15008
15030
15044
15051
15053
15054
15061
15062
15069
15077
15080
15086
15087
15088
15091
15093
15094
15097
15102
15108
15113
15115
15127
15137
15145
15146
15147
15149
15151
15153
15158
15160
15176
15183
15184
15185
15191
15195
15219
15225
15228
15230
15236
15238
15240
15246
15248
15251
15255
15256
15258
15261
15263
15266
15275
15284
15285
15286
15288
15289
15298
15299
15300
15304
15308
15309
15315
15318
15333
15345
15352
15353
15357
15363
15379
15389
15392
15394
15396
15412
15414
15415
15417
15423
15425
15426
15430
15432
15435
15436
15437
15439
15447
15452
15456
15460
15461
15464
15465
15466
15468
15469
15473
15483
15486
15494
15496
15500
15502
15505
15506
15509
15512
15516
15518
15524
15527
15529
15532
15541
15542
15546
15548
15554
15557
15558
15559
15571
15572
15574
15577
15579
15580
15581
15583
15584
15590
15593
15594
15601
15609
15611
15620
15622
15623
15628
15632
15633
15636
15638
15639
15640
15658
15661
15662
15665
15666
15667
15669
15670
15673
15677
15678
15684
15689
15692
15695
15697
15702
15705
15707
15710
15711
15714
15716
15735
15738
15742
15749
15755
15756
15766
15767
15770
15776
15779
15783
15789
15797
15799
15801
15802
15814
15815
15819
15827
15831
15832
15836
15839
15847
15848
15851
15863
15866
15867
15868
15869
15870
15871
15883
15884
15885
15886
15887
15888
15893
15897
15900
15903
15905
15909
15922
15923
15931
15934
15937
15946
15949
15952
15959
15961
15966
15968
15974
15975
15984
15988
15992
16002
16004
16010
16011
16014
16015
16018
16019
16023
16026
16038
16048
16050
16056
16057
16060
16063
16065
16066
16075
16077
16082
16089
16097
16100
16101
16102
16103
16111
16113
16115
16116
16120
16128
16133
16137
16146
16148
16151
16158
16160
16164
16165
16169
16172
16180
16181
16182
16186
16189
16190
16191
16192
16196
16204
16208
16211
16213
16214
16219
16223
16224
16225
16230
16235
16238
16245
16248
16249
16252
16253
16258
16261
16266
16268
16274
16275
16278
16279
16286
16292
16295
16297
16299
16301
16305
16306
16308
16309
16313
16316
16322
16325
16326
16327
16328
16332
16338
16346
16352
16357
16368
16370
16371
16375
16379
16380
16385
16391
16392
16397
16400
16402
16405
16406
16410
16411
16412
16415
16416
16420
16421
16423
16439
16448
16450
16456
16460
16465
16472
16478
16487
16497
16501
16511
16513
16514
16521
16524
16525
16529
16530
16531
16534
16541
16543
16547
16548
16552
16553
16554
16555
16559
16560
16563
16564
16567
16575
16576
16579
16581
16582
16586
16588
16594
16596
16604
16624
16625
16629
16632
16634
16637
16647
16660
16661
16665
16671
16673
16676
16677
16686
16689
16690
16695
16704
16711
16712
16721
16722
16725
16731
16733
16734
16740
16742
16743
16745
16747
16752
16755
16758
16763
16765
16774
16776
16777
16780
16783
16784
16785
16786
16793
16800
16801
16804
16807
16810
16813
16822
16825
16829
16831
16833
16834
16836
16838
16840
16848
16851
16855
16857
16866
16867
16871
16882
16892
16894
16900
16903
16904
16906
16912
16918
16919
16920
16929
16937
16939
16947
16952
16953
16954
16959
16961
16962
16963
16965
16971
16981
16985
16986
16989
16990
16996
16997
17002
17011
17015
17016
17020
17024
17026
17030
17031
17032
17036
17043
17044
17054
17056
17058
17070
17071
17076
17080
17082
17084
17088
17090
17093
17096
17100
17101
17103
17106
17107
17112
17114
17115
17117
17128
17133
17136
17138
17140
17154
17156
17166
17169
17174
17178
17183
17186
17194
17196
17200
17203
17206
17209
17219
17221
17222
17223
17224
17226
17232
17233
17237
17244
17247
17253
17257
17262
17267
17268
17284
17285
17291
17294
17295
17303
17307
17311
17316
17319
17328
17329
17331
17333
17334
17344
17346
17349
17352
17353
17355
17357
17366
17373
17378
17379
17382
17383
17384
17387
17395
17396
17397
17399
17409
17415
17420
17422
17432
17437
17438
17453
17454
17456
17458
17460
17461
17465
17471
17474
17478
17481
17485
17486
17488
17490
17492
17506
17509
17511
17512
17514
17517
17520
17525
17534
17539
17540
17548
17552
17557
17567
17568
17571
17572
17573
17580
17593
17606
17609
17613
17620
17622
17631
17633
17651
17657
17662
17664
17666
17677
17692
17693
17695
17700
17701
17717
17718
17726
17727
17732
17734
17735
17741
17743
17745
17755
17757
17762
17763
17764
17769
17771
17774
17776
17779
17785
17792
17807
17829
17834
17836
17838
17839
17842
17843
17844
17845
17848
17850
17856
17860
17861
17862
17865
17866
17883
17884
17892
17893
17898
17900
17901
17915
17917
17919
17932
17937
17947
17948
17949
17950
17954
17958
17959
17963
17964
17965
17969
17976
17980
17983
17984
17986
17994
17995
17998
18001
18009
18012
18013
18015
18018
18025
18032
18035
18047
18053
18063
18073
18075
18078
18080
18082
18086
18092
18093
18097
18099
18100
18102
18105
18106
18117
18130
18133
18134
18138
18143
18146
18149
18157
18160
18169
18187
18192
18196
18197
18200
18203
18206
18211
18214
18215
18218
18222
18223
18224
18231
18241
18242
18247
18249
18271
18273
18275
18279
18287
18291
18294
18298
18299
18302
18303
18306
18311
18315
18316
18320
18324
18328
18331
18332
18333
18346
18354
18358
18362
18364
18366
18368
18376
18381
18383
18385
18386
18388
18390
18391
18400
18402
18406
18412
18413
18414
18415
18419
18424
18425
18435
18436
18445
18449
18451
18460
18465
18469
18471
18476
18479
18482
18485
18486
18495
18499
18500
18505
18508
18518
18520
18523
18525
18526
18527
18531
18538
18543
18545
18551
18555
18560
18562
18566
18572
18578
18586
18588
18591
18594
18599
18603
18605
18614
18624
18630
18639
18643
18646
18647
18648
18649
18654
18657
18659
18669
18670
18671
18677
18678
18680
18694
18696
18697
18698
18700
18702
18704
18706
18708
18710
18713
18716
18717
18727
18729
18731
18735
18737
18744
18745
18746
18747
18753
18763
18765
18767
18768
18782
18784
18787
18788
18798
18803
18807
18808
18810
18819
18821
18824
18825
18831
18832
18839
18844
18847
18849
18854
18855
18857
18861
18864
18872
18875
18879
18888
18893
18900
18905
18906
18907
18920
18925
18926
18927
18928
18935
18940
18942
18951
18953
18954
18955
18979
18986
18988
18993
18995
18999
19001
19004
19005
19009
19011
19015
19017
19018
19027
19030
19031
19039
19041
19042
19044
19046
19052
19054
19060
19065
19066
19067
19068
19079
19082
19084
19094
19098
19101
19103
19104
19106
19110
19115
19116
19118
19127
19143
19145
19158
19163
19164
19166
19168
19173
19181
19185
19188
19196
19202
19204
19205
19207
19210
19216
19224
19232
19233
19237
19242
19249
19257
19263
19265
19267
19273
19276
19277
19282
19286
19291
19294
19295
19296
19305
19308
19310
19313
19317
19318
19329
19332
19335
19339
19341
19344
19347
19351
19352
19359
19370
19371
19382
19386
19390
19392
19395
19409
19414
19427
19435
19438
19444
19445
19453
19454
19471
19480
19484
19490
19492
19493
19499
19500
19503
19522
19526
19527
19528
19529
19533
19539
19541
19546
19550
19554
19565
19570
19571
19572
19573
19617
19626
19628
19630
19632
19633
19634
19637
19639
19644
19655
19662
19664
19667
19668
19673
19675
19677
19678
19682
19684
19686
19690
19693
19697
19699
19700
19710
19714
19716
19727
19728
19730
19736
19737
19740
19741
19742
19743
19749
19750
19753
19760
19761
19764
19765
19770
19774
19778
19784
19785
19792
19793
19797
19804
19806
19807
19808
19810
19811
19812
19814
19815
19818
19828
19858
19859
19860
19862
19865
19866
19868
19874
19878
19880
19881
19884
19894
19898
19899
19902
19904
19907
19911
19915
19920
19922
19928
19930
19933
19935
19936
19942
19944
19945
19947
19950
19961
19963
19964
19974
19982
19983
19988
19994
19998
20002
20009
20014
20015
20023
20033
20035
20038
20039
20042
20045
20048
20056
20057
20070
20074
20080
20086
20088
20091
20097
20105
20107
20112
20117
20119
20121
20123
20124
20125
20127
20130
20132
20133
20138
20149
20151
20153
20154
20155
20169
20180
20188
20190
20195
20201
20203
20205
20207
20212
20214
20216
20217
20220
20226
20233
20236
20242
20245
20247
20256
20257
20260
20261
20262
20265
20267
20271
20275
20276
20279
20285
20286
20287
20289
20295
20302
20304
20307
20311
20312
20318
20319
20328
20329
20334
20336
20345
20349
20351
20355
20366
20368
20371
20376
20377
20379
20381
20383
20393
20396
20398
20404
20424
20431
20434
20438
20440
20442
20444
20445
20446
20447
20449
20452
20454
20458
20463
20468
20471
20473
20474
20486
20496
20497
20505
20507
20513
20523
20526
20527
20532
20534
20537
20538
20539
20545
20546
20555
20556
20558
20563
20566
20568
20572
20573
20574
20576
20584
20592
20595
20602
20605
20606
20608
20611
20622
20639
20643
20649
20651
20656
20658
20661
20663
20667
20673
20680
20682
20686
20694
20708
20709
20710
20722
20723
20724
20731
20736
20738
20742
20743
20745
20751
20753
20758
20759
20763
20764
20769
20777
20781
20783
20789
20790
20795
20811
20813
20816
20817
20824
20826
20829
20831
20834
20835
20839
20840
20842
20844
20852
20862
20864
20874
20876
20891
20892
20896
20897
20902
20906
20908
20910
20916
20917
20923
20924
20928
20940
20941
20945
20951
20952
20957
20967
20969
20970
20973
20976
20980
20983
20985
20988
20994
20996
20997
21000
21003
21011
21012
21014
21020
21022
21023
21027
21043
21044
21046
21049
21054
21063
21064
21071
21074
21076
21080
21087
21088
21090
21091
21092
21094
21095
21103
21105
21112
21115
21118
21119
21130
21135
21137
21141
21143
21144
21145
21147
21148
21149
21150
21151
21152
21154
21158
21161
21163
21166
21167
21173
21174
21194
21195
21196
21199
21204
21205
21217
21218
21224
21227
21230
21231
21232
21234
21243
21248
21252
21259
21272
21274
21275
21280
21284
21288
21295
21297
21305
21306
21308
21310
21322
21323
21325
21338
21341
21345
21351
21356
21358
21360
21361
21363
21365
21379
21384
21386
21387
21393
21397
21404
21407
21413
21420
21422
21426
21429
21437
21439
21440
21446
21448
21452
21455
21458
21459
21466
21467
21469
21472
21474
21476
21480
21484
21488
21504
21522
21527
21530
21531
21533
21538
21539
21544
21547
21549
21563
21564
21573
21577
21585
21587
21593
21594
21597
21602
21604
21605
21612
21623
21624
21627
21631
21633
21634
21639
21647
21653
21654
21655
21661
21674
21675
21685
21686
21687
21702
21703
21705
21711
21717
21721
21723
21725
21728
21732
21737
21743
21745
21746
21748
21750
21752
21758
21760
21761
21774
21775
21777
21782
21783
21789
21798
21803
21805
21808
21813
21815
21819
21825
21835
21836
21838
21839
21841
21849
21863
21864
21865
21869
21870
21871
21874
21878
21881
21885
21891
21892
21903
21906
21911
21921
21922
21924
21930
21931
21932
21933
21938
21945
21951
21952
21955
21959
21964
21971
21974
21975
21976
21983
21984
21991
21997
22004
22006
22026
22028
22032
22034
22035
22040
22042
22043
22048
22062
22070
22074
22080
22084
22088
22089
22090
22104
22109
22112
22114
22118
22122
22123
22125
22129
22142
22145
22146
22153
22159
22164
22167
22168
22178
22189
22190
22192
22193
22194
22200
22202
22211
22217
22221
22227
22238
22243
22245
22248
22249
22250
22251
22254
22257
22258
22260
22261
22264
22269
22270
22271
22276
22278
22280
22286
22292
22293
22297
22298
22299
22303
22304
22307
22308
22310
22314
22317
22320
22321
22326
22328
22329
22331
22334
22339
22349
22350
22358
22359
22365
22368
22370
22373
22377
22379
22382
22383
22395
22396
22397
22399
22406
22408
22410
22417
22418
22421
22422
22423
22431
22432
22435
22438
22448
22449
22450
22453
22458
22459
22460
22472
22474
22479
22499
22500
22504
22505
22506
22507
22508
22510
22515
22521
22529
22532
22533
22534
22539
22540
22546
22548
22549
22552
22557
22561
22563
22564
22571
22573
22579
22580
22582
22584
22586
22588
22602
22603
22604
22607
22608
22609
22614
22615
22622
22628
22632
22641
22645
22648
22655
22658
22662
22665
22667
22672
22674
22675
22676
22680
22684
22688
22690
22691
22692
22693
22695
22697
22699
22708
22710
22713
22716
22724
22726
22735
22745
22747
22750
22754
22755
22762
22767
22769
22773
22777
22782
22788
22790
22794
22796
22799
22800
22803
22808
22809
22810
22812
22814
22816
22817
22822
22826
22833
22841
22842
22844
22847
22858
22863
22864
22873
22874
22875
22881
22884
22895
22904
22907
22922
22923
22924
22930
22938
22939
22941
22951
22953
22957
22962
22963
22967
22970
22972
22973
22975
22977
22979
22982
22983
22984
22985
22987
22991
22993
22997
22998
23002
23004
23010
23014
23015
23016
23020
23021
23024
23035
23043
23056
23060
23061
23064
23072
23074
23077
23079
23086
23092
23095
23096
23099
23106
23112
23113
23120
23126
23128
23133
23139
23155
23156
23157
23159
23160
23163
23164
23171
23175
23181
23182
23190
23194
23198
23203
23211
23213
23221
23224
23228
23232
23235
23237
23240
23245
23254
23261
23277
23289
23293
23297
23300
23304
23311
23317
23320
23332
23338
23345
23347
23348
23352
23357
23365
23371
23375
23377
23386
23387
23389
23398
23407
23414
23416
23419
23423
23425
23428
23431
23441
23442
23446
23449
23453
23462
23463
23465
23478
23481
23485
23488
23491
23492
23500
23504
23507
23508
23514
23522
23523
23528
23530
23546
23552
23566
23574
23578
23581
23586
23588
23598
23601
23602
23610
23611
23629
23635
23636
23644
23652
23659
23660
23662
23667
23668
23670
23673
23674
23684
23688
23692
23705
23709
23716
23732
23738
23741
23746
23752
23754
23764
23767
23770
23773
23776
23777
23781
23786
23791
23796
23797
23804
23805
23807
23808
23822
23823
23824
23825
23830
23831
23832
23833
23836
23837
23847
23848
23850
23851
23854
23863
23864
23866
23882
23885
23887
23891
23898
23899
23900
23911
23917
23923
23924
23929
23930
23933
23934
23936
23938
23944
23948
23952
23964
23968
23969
23972
23974
23978
23981
23984
23986
23997
23999
24005
24008
24010
24016
24020
24021
24024
24032
24033
24038
24041
24043
24051
24057
24058
24064
24069
24072
24079
24094
24096
24099
24101
24104
24109
24110
24111
24113
24124
24134
24137
24144
24146
24157
24158
24161
24163
24165
24169
24170
24179
24183
24191
24193
24208
24210
24212
24218
24219
24220
24224
24229
24240
24250
24252
24255
24256
24257
24258
24264
24268
24269
24272
24280
24284
24285
24291
24294
24300
24309
24319
24325
24329
24332
24333
24334
24336
24340
24341
24342
24344
24349
24351
24355
24356
24360
24361
24364
24365
24367
24374
24375
24379
24383
24387
24392
24395
24398
24404
24409
24420
24428
24445
24447
24450
24457
24462
24470
24476
24480
24484
24486
24488
24491
24492
24499
24500
24502
24507
24511
24512
24514
24515
24520
24521
24527
24528
24529
24534
24535
24540
24543
24549
24551
24555
24556
24557
24561
24565
24566
24567
24579
24580
24581
24583
24587
24589
24590
24591
24592
24595
24597
24600
24602
24605
24606
24607
24622
24633
24636
24639
24641
24642
24644
24654
24655
24656
24661
24665
24668
24669
24676
24677
24678
24679
24680
24681
24685
24690
24695
24696
24699
24700
24705
24706
24710
24713
24719
24720
24721
24724
24725
24735
24739
24742
24745
24750
24751
24753
24755
24756
24762
24763
24764
24769
24771
24775
24780
24791
24792
24793
24795
24799
24801
24802
24805
24807
24814
24818
24823
24834
24835
24837
24844
24851
24859
24861
24873
24881
24884
24885
24887
24899
24900
24910
24919
24921
24923
24931
24932
24933
24935
24939
24943
24946
24952
24957
24958
24962
24965
24971
24975
24978
24983
24993
24994
24999
25004
25016
25019
25020
25023
25027
25030
25034
25037
25044
25048
25050
25052
25057
25058
25062
25063
25066
25069
25070
25071
25078
25082
25083
25089
25092
25095
25097
25101
25105
25106
25110
25113
25115
25117
25135
25136
25140
25142
25144
25145
25149
25150
25151
25160
25167
25169
25174
25177
25178
25183
25187
25189
25190
25191
25192
25194
25196
25198
25199
25205
25206
25212
25214
25217
25220
25236
25242
25243
25244
25251
25260
25261
25263
25265
25267
25268
25270
25273
25275
25276
25279
25280
25281
25284
25288
25290
25296
25299
25301
25306
25311
25312
25316
25318
25321
25323
25324
25326
25330
25331
25337
25339
25346
25350
25352
25362
25363
25371
25377
25379
25383
25385
25387
25388
25391
25400
25405
25414
25418
25419
25420
25422
25424
25426
25431
25437
25438
25439
25440
25457
25459
25460
25462
25463
25467
25477
25481
25488
25489
25491
25494
25496
25498
25502
25512
25514
25523
25529
25531
25532
25535
25538
25543
25545
25546
25547
25549
25552
25554
25556
25567
25571
25574
25578
25581
25596
25599
25605
25608
25609
25611
25614
25615
25616
25619
25621
25624
25625
25626
25643
25644
25649
25650
25651
25652
25659
25665
25667
25668
25670
25671
25680
25683
25689
25696
25697
25710
25712
25714
25715
25718
25719
25723
25731
25734
25743
25746
25748
25750
25762
25763
25767
25776
25786
25787
25789
25792
25797
25807
25808
25810
25814
25816
25817
25818
25820
25824
25830
25834
25838
25843
25852
25853
25857
25859
25862
25870
25871
25875
25879
25880
25891
25898
25905
25910
25915
25920
25926
25930
25942
25947
25958
25962
25969
25970
25975
25976
25984
25989
25995
26000
26001
26003
26005
26007
26008
26018
26023
26026
26027
26034
26040
26045
26046
26049
26051
26059
26060
26076
26077
26080
26081
26083
26088
26090
26092
26093
26097
26119
26121
26124
26128
26132
26135
26137
26144
26146
26148
26154
26158
26162
26164
26168
26177
26178
26180
26181
26184
26186
26187
26200
26207
26211
26215
26223
26224
26226
26230
26240
26241
26244
26248
26257
26258
26265
26267
26269
26274
26279
26286
26287
26288
26295
26296
26298
26300
26305
26308
26310
26311
26312
26315
26320
26321
26322
26332
26341
26342
26344
26350
26360
26361
26362
26367
26375
26376
26386
26391
26398
26399
26404
26405
26412
26414
26416
26421
26423
26425
26427
26430
26433
26436
26449
26452
26460
26465
26467
26474
26486
26488
26491
26493
26495
26498
26499
26501
26505
26507
26509
26516
26517
26521
26522
26523
26526
26527
26546
26549
26550
26551
26552
26556
26557
26565
26570
26571
26576
26577
26578
26592
26599
26601
26607
26614
26617
26628
26632
26637
26644
26646
26651
26652
26656
26657
26658
26662
26663
26665
26667
26676
26680
26684
26688
26693
26700
26704
26707
26708
26711
26712
26717
26719
26722
26723
26724
26726
26729
26736
26737
26739
26741
26743
26744
26750
26757
26758
26761
26762
26764
26773
26776
26778
26783
26784
26786
26787
26792
26794
26795
26803
26807
26815
26818
26819
26824
26833
26840
26842
26843
26846
26853
26858
26862
26864
26870
26873
26878
26879
26881
26885
26912
26913
26915
26918
26919
26920
26922
26929
26930
26933
26950
26959
26974
26976
26982
26985
26986
26995
26996
26997
27000
27004
27007
27009
27026
27034
27037
27042
27047
27048
27051
27052
27059
27069
27071
27073
27075
27077
27080
27101
27104
27108
27128
27130
27132
27136
27137
27142
27143
27147
27149
27155
27156
27163
27170
27175
27176
27178
27179
27185
27186
27191
27195
27200
27202
27207
27211
27213
27215
27216
27222
27231
27233
27238
27250
27251
27260
27262
27263
27264
27266
27267
27270
27272
27273
27276
27278
27280
27284
27286
27301
27306
27309
27312
27315
27317
27319
27321
27323
27324
27326
27330
27338
27349
27351
27352
27358
27373
27375
27382
27391
27393
27394
27404
27415
27416
27425
27426
27427
27431
27434
27438
27440
27442
27444
27447
27454
27456
27460
27465
27479
27485
27487
27488
27491
27497
27498
27499
27500
27502
27506
27510
27512
27516
27517
27518
27522
27530
27533
27537
27540
27542
27545
27546
27552
27553
27555
27560
27562
27571
27576
27584
27594
27599
27601
27605
27607
27609
27619
27623
27627
27628
27631
27636
27638
27639
27642
27645
27646
27650
27653
27656
27681
27684
27686
27698
27701
27703
27706
27709
27710
27718
27724
27729
27731
27738
27742
27743
27745
27746
27749
27751
27758
27760
27768
27771
27773
27777
27780
27787
27791
27792
27795
27813
27816
27822
27829
27832
27835
27839
27850
27855
27862
27863
27867
27868
27871
27872
27873
27880
27895
27901
27903
27905
27906
27908
27911
27914
27931
27933
27934
27940
27944
27953
27954
27961
27962
27965
27980
27981
27984
27986
27989
27994
28000
28001
28003
28005
28008
28009
28014
28017
28018
28022
28024
28025
28027
28031
28033
28035
28036
28038
28045
28050
28052
28054
28063
28068
28079
28080
28086
28089
28092
28098
28099
28107
28110
28113
28126
28127
28133
28138
28140
28147
28156
28162
28175
28176
28178
28179
28183
28185
28202
28208
28212
28216
28220
28221
28223
28224
28225
28231
28234
28235
28245
28248
28265
28267
28270
28272
28273
28274
28276
28277
28280
28286
28289
28292
28297
28298
28300
28302
28305
28307
28311
28317
28320
28326
28335
28343
28344
28352
28354
28355
28360
28362
28363
28373
28377
28380
28381
28383
28393
28394
28395
28397
28400
28401
28402
28408
28410
28420
28428
28434
28444
28449
28452
28456
28467
28469
28477
28482
28487
28512
28515
28517
28521
28524
28525
28526
28531
28532
28539
28545
28548
28552
28558
28559
28563
28570
28574
28583
28584
28585
28590
28593
28598
28609
28615
28618
28619
28622
28623
28625
28627
28634
28636
28640
28643
28646
28648
28649
28650
28653
28658
28662
28665
28671
28675
28681
28685
28688
28689
28694
28698
28699
28703
28704
28708
28711
28716
28717
28724
28733
28734
28738
28742
28750
28763
28765
28767
28779
28783
28787
28791
28792
28794
28795
28796
28803
28805
28810
28814
28817
28818
28825
28826
28827
28828
28833
28835
28844
28855
28865
28866
28869
28872
28873
28876
28879
28882
28883
28887
28889
28890
28893
28896
28897
28903
28905
28910
28912
28914
28917
28919
28921
28924
28926
28930
28933
28937
28938
28941
28944
28953
28957
28963
28966
28970
28972
28975
28978
28983
28996
29003
29006
29011
29012
29019
29023
29028
29029
29032
29039
29042
29053
29057
29058
29060
29066
29068
29074
29076
29082
29084
29088
29092
29099
29104
29118
29120
29121
29133
29135
29140
29146
29149
29151
29153
29160
29161
29171
29173
29174
29178
29188
29189
29190
29192
29201
29205
29209
29212
29213
29215
29219
29224
29225
29226
29231
29232
29235
29244
29246
29247
29252
29257
29261
29263
29269
29274
29280
29283
29286
29289
29290
29293
29295
29299
29307
29308
29309
29313
29314
29315
29325
29330
29336
29338
29341
29343
29347
29348
29351
29364
29367
29378
29380
29389
29394
29400
29402
29403
29404
29409
29410
29412
29413
29430
29442
29444
29451
29452
29468
29469
29473
29480
29485
29487
29491
29492
29494
29497
29499
29502
29503
29505
29511
29513
29515
29518
29527
29531
29532
29540
29542
29544
29545
29561
29568
29569
29571
29576
29578
29581
29587
29589
29593
29596
29599
29606
29607
29612
29620
29623
29634
29636
29639
29641
29653
29654
29655
29659
29665
29666
29675
29678
29682
29693
29701
29704
29706
29709
29711
29716
29717
29723
29724
29728
29729
29732
29735
29737
29738
29741
29742
29744
29748
29754
29759
29765
29772
29774
29775
29779
29783
29792
29795
29799
29800
29801
29802
29803
29807
29809
29810
29812
29814
29819
29822
29829
29834
29837
29839
29844
29854
29855
29856
29860
29864
29865
29866
29875
29876
29878
29879
29880
29881
29884
29885
29888
29891
29893
29894
29897
29901
29905
29906
29912
29917
29922
29927
29932
29936
29940
29941
29944
29945
29948
29950
29952
29953
29954
29967
29971
29974
29977
29980
29986
29995
30000
30002
30003
30005
30007
30009
30011
30014
30019
30021
30023
30024
30029
30039
30048
30052
30060
30061
30062
30069
30070
30078
30084
30086
30088
30093
30096
30101
30102
30103
30104
30110
30112
30114
30116
30119
30136
30141
30144
30145
30152
30158
30160
30162
30165
30166
30171
30172
30177
30181
30182
30183
30185
30198
30200
30205
30218
30225
30226
30233
30236
30240
30246
30249
30251
30254
30256
30257
30267
30269
30271
30272
30275
30277
30280
30281
30283
30286
30293
30295
30297
30304
30314
30316
30321
30324
30326
30331
30339
30344
30345
30346
30352
30355
30356
30361
30365
30376
30378
30383
30391
30399
30400
30402
30408
30415
30418
30425
30426
30428
30429
30436
30440
30445
30446
30451
30452
30453
30454
30459
30463
30467
30470
30471
30486
30487
30489
30490
30492
30493
30495
30497
30501
30517
30520
30521
30522
30531
30534
30535
30537
30539
30545
30553
30559
30561
30564
30570
30571
30574
30575
30582
30586
30587
30591
30595
30597
30604
30605
30608
30609
30613
30631
30632
30635
30636
30638
30641
30643
30645
30646
30650
30652
30654
30655
30667
30673
30690
30695
30699
30709
30710
30715
30719
30730
30731
30734
30738
30743
30744
30749
30750
30752
30765
30769
30784
30787
30790
30791
30792
30795
30802
30804
30810
30811
30815
30817
30818
30820
30821
30827
30829
30830
30837
30839
30840
30841
30842
30855
30856
30858
30874
30878
30888
30894
30895
30902
30904
30905
30909
30913
30914
30918
30923
30924
30929
30930
30940
30945
30949
30951
30955
30957
30959
30960
30963
30968
30970
30971
30974
30977
30979
30988
30992
30999
31000
31003
31004
31007
31011
31014
31015
31017
31022
31023
31029
31035
31040
31044
31045
31046
31048
31054
31063
31076
31083
31086
31087
31098
31100
31101
31105
31107
31108
31119
31120
31127
31129
31138
31139
31140
31142
31143
31144
31147
31151
31152
31158
31160
31164
31165
31166
31169
31178
31187
31193
31194
31195
31199
31201
31203
31207
31209
31211
31213
31214
31231
31234
31236
31238
31239
31241
31242
31246
31249
31260
31268
31273
31274
31284
31286
31288
31289
31290
31293
31294
31297
31301
31307
31311
31319
31322
31323
31337
31338
31339
31343
31345
31348
31349
31351
31352
31358
31369
31371
31374
31387
31391
31395
31397
31400
31410
31411
31412
31428
31430
31431
31435
31445
31450
31451
31454
31459
31471
31473
31481
31486
31488
31491
31493
31495
31502
31506
31510
31512
31521
31527
31532
31534
31552
31556
31586
31591
31593
31599
31600
31604
31607
31614
31627
31632
31634
31635
31636
31638
31645
31646
31648
31649
31654
31655
31657
31658
31665
31674
31678
31689
31693
31700
31703
31705
31711
31715
31720
31724
31726
31728
31733
31743
31755
31756
31757
31759
31765
31766
31767
31785
31819
31823
31830
31837
31843
31849
31854
31855
31863
31865
31868
31871
31880
31882
31884
31888
31896
31899
31904
31908
31913
31916
31923
31925
31927
31935
31941
31947
31955
31961
31970
31976
31987
31988
31990
31991
31997
31998
31999
32002
32003
32005
32007
32009
32011
32016
32022
32025
32027
32033
32042
32045
32046
32048
32056
32057
32058
32059
32062
32066
32070
32073
32075
32076
32078
32081
32083
32087
32090
32091
32099
32101
32107
32109
32120
32121
32128
32131
32135
32136
32139
32140
32142
32144
32149
32161
32168
32169
32173
32180
32184
32188
32189
32190
32194
32202
32204
32206
32212
32215
32217
32218
32219
32220
32226
32232
32233
32235
32247
32251
32252
32256
32262
32263
32264
32267
32280
32283
32290
32295
32297
32304
32305
32309
32310
32312
32316
32318
32319
32325
32326
32328
32330
32333
32338
32341
32346
32358
32363
32365
32369
32376
32378
32398
32401
32403
32404
32406
32409
32410
32411
32423
32431
32432
32435
32436
32444
32445
32447
32455
32459
32460
32470
32471
32472
32479
32483
32484
32497
32502
32505
32508
32510
32513
32517
32519
32522
32529
32530
32538
32541
32544
32573
32576
32580
32584
32592
32594
32601
32602
32603
32613
32614
32615
32616
32617
32621
32623
32624
32626
32627
32629
32631
32641
32642
32646
32647
32649
32652
32659
32661
32662
32665
32669
32670
32679
32681
32683
32684
32686
32687
32693
32697
32703
32708
32711
32713
32715
32718
32720
32721
32722
32725
32734
32736
32737
32741
32744
32761
32771
32775
32784
32786
32790
32806
32807
32822
32825
32827
32830
32831
32837
32839
32847
32857
32858
32868
32870
32873
32874
32883
32884
32885
32886
32903
32905
32914
32916
32917
32920
32923
32928
32931
32934
32942
32954
32956
32958
32959
32967
32968
32971
32972
32975
32982
32990
32994
33000
33003
33004
33007
33008
33011
33015
33020
33021
33034
33043
33047
33052
33058
33062
33063
33073
33076
33079
33081
33083
33085
33086
33087
33093
33097
33103
33105
33112
33113
33114
33117
33122
33126
33127
33128
33130
33132
33135
33146
33148
33152
33153
33160
33162
33164
33175
33179
33186
33188
33196
33202
33206
33207
33210
33214
33226
33229
33234
33235
33242
33243
33249
33250
33255
33257
33258
33261
33263
33268
33271
33272
33276
33291
33296
33303
33305
33307
33310
33314
33315
33321
33325
33328
33336
33338
33339
33347
33353
33360
33361
33363
33366
33368
33369
33377
33378
33380
33386
33390
33392
33401
33414
33415
33416
33419
33421
33423
33426
33438
33440
33447
33451
33452
33453
33461
33462
33471
33472
33474
33478
33481
33482
33489
33490
33499
33501
33502
33503
33505
33509
33510
33514
33516
33530
33532
33540
33542
33544
33558
33560
33565
33569
33572
33573
33579
33580
33584
33587
33589
33595
33596
33599
33603
33607
33611
33615
33617
33625
33631
33635
33638
33647
33650
33652
33654
33662
33664
33669
33670
33683
33686
33688
33692
33694
33698
33700
33711
33718
33724
33728
33732
33742
33744
33745
33748
33750
33751
33762
33764
33767
33770
33771
33772
33776
33777
33779
33780
33781
33785
33792
33793
33797
33808
33811
33819
33822
33826
33828
33831
33832
33842
33845
33846
33847
33857
33864
33866
33867
33870
33874
33876
33881
33890
33895
33905
33907
33911
33915
33916
33918
33919
33922
33923
33926
33933
33934
33943
33950
33951
33960
33963
33970
33972
33974
33975
33977
33978
33983
33985
33996
33999
34002
34009
34011
34012
34017
34018
34019
34022
34026
34032
34036
34037
34040
34043
34050
34052
34063
34064
34065
34066
34068
34069
34070
34080
34082
34083
34090
34101
34106
34108
34109
34114
34115
34116
34118
34119
34121
34123
34124
34125
34128
34131
34136
34150
34153
34155
34162
34164
34168
34173
34176
34178
34179
34187
34189
34190
34200
34201
34202
34231
34234
34235
34238
34244
34250
34254
34256
34259
34268
34269
34270
34278
34279
34280
34283
34287
34289
34297
34300
34313
34318
34320
34321
34327
34330
34336
34337
34340
34341
34346
34347
34349
34358
34363
34364
34373
34376
34377
34381
34385
34397
34413
34414
34417
34420
34421
34425
34426
34429
34434
34445
34448
34452
34454
34459
34460
34463
34465
34470
34479
34482
34484
34486
34489
34493
34495
34499
34500
34503
34504
34508
34533
34537
34540
34547
34548
34558
34565
34567
34568
34578
34581
34588
34595
34596
34601
34605
34607
34609
34617
34618
34620
34624
34627
34629
34637
34646
34661
34663
34664
34669
34671
34676
34688
34690
34693
34701
34705
34711
34715
34720
34721
34722
34723
34724
34729
34735
34745
34746
34747
34748
34750
34758
34760
34761
34762
34766
34778
34779
34780
34781
34783
34787
34791
34794
34799
34801
34802
34804
34821
34828
34829
34830
34831
34845
34855
34856
34857
34858
34861
34865
34871
34873
34883
34891
34895
34898
34911
34917
34919
34923
34924
34928
34938
34944
34948
34949
34950
34962
34964
34965
34968
34979
34980
34981
34985
34987
34989
34998
35004
35010
35021
35028
35033
35039
35041
35042
35048
35050
35051
35059
35068
35071
35079
35081
35089
35092
35095
35096
35104
35106
35112
35121
35124
35132
35134
35144
35145
35147
35148
35149
35157
35161
35162
35168
35169
35172
35174
35179
35182
35188
35195
35196
35201
35202
35207
35209
35212
35216
35226
35227
35229
35230
35235
35243
35248
35250
35256
35258
35263
35264
35267
35269
35271
35279
35281
35282
35283
35285
35286
35291
35298
35311
35317
35319
35322
35323
35325
35326
35327
35335
35338
35340
35343
35344
35354
35356
35359
35360
35369
35373
35377
35381
35391
35394
35397
35399
35403
35404
35405
35409
35411
35414
35417
35418
35422
35430
35434
35438
35446
35448
35453
35454
35456
35465
35470
35475
35479
35482
35489
35490
35503
35508
35509
35514
35515
35516
35519
35524
35528
35529
35530
35531
35532
35537
35540
35544
35546
35548
35550
35551
35553
35554
35557
35560
35570
35571
35582
35583
35594
35599
35602
35603
35605
35608
35623
35626
35633
35635
35638
35645
35648
35649
35658
35662
35665
35666
35680
35681
35683
35685
35686
35688
35690
35691
35692
35697
35700
35701
35705
35713
35714
35725
35728
35731
35738
35744
35747
35750
35756
35758
35759
35761
35763
35779
35782
35783
35787
35788
35789
35796
35798
35805
35806
35814
35819
35820
35825
35835
35837
35838
35846
35847
35849
35850
35855
35858
35859
35860
35861
35862
35863
35866
35868
35869
35871
35873
35878
35880
35882
35883
35887
35910
35914
35916
35919
35926
35927
35929
35933
35934
35935
35939
35940
35948
35952
35955
35963
35965
35966
35967
35972
35973
35990
35991
35996
36004
36005
36006
36007
36008
36015
36018
36021
36028
36032
36036
36038
36040
36043
36049
36052
36053
36055
36066
36067
36068
36073
36081
36085
36086
36087
36092
36095
36096
36100
36101
36105
36106
36112
36119
36123
36128
36134
36137
36141
36148
36149
36150
36153
36154
36155
36157
36158
36161
36162
36163
36175
36180
36183
36185
36194
36195
36201
36215
36222
36228
36230
36231
36232
36236
36237
36238
36242
36251
36252
36254
36264
36275
36279
36286
36287
36289
36292
36305
36311
36312
36314
36317
36319
36320
36322
36323
36325
36330
36331
36333
36337
36344
36353
36356
36357
36358
36359
36363
36370
36374
36379
36386
36388
36389
36393
36395
36398
36400
36402
36404
36411
36415
36425
36426
36427
36441
36446
36455
36464
36469
36470
36476
36482
36483
36485
36491
36492
36496
36497
36500
36501
36502
36503
36506
36509
36511
36520
36530
36531
36532
36534
36539
36540
36545
36546
36550
36558
36560
36567
36568
36570
36573
36574
36578
36583
36591
36593
36594
36595
36599
36606
36610
36614
36615
36618
36621
36623
36627
36632
36634
36635
36641
36648
36658
36663
36664
36667
36672
36677
36681
36692
36693
36698
36703
36706
36709
36710
36723
36731
36732
36736
36737
36750
36751
36752
36756
36759
36763
36771
36778
36786
36789
36791
36808
36809
36813
36817
36819
36836
36844
36845
36848
36849
36850
36853
36858
36862
36868
36870
36880
36885
36886
36889
36891
36896
36901
36905
36909
36917
36919
36924
36925
36927
36950
36951
36955
36975
36976
36980
36981
36984
36990
36991
36993
36994
37007
37008
37009
37012
37018
37022
37027
37030
37032
37034
37035
37039
37041
37043
37047
37049
37061
37062
37063
37065
37066
37068
37078
37079
37081
37083
37087
37091
37092
37093
37098
37102
37103
37110
37124
37127
37128
37130
37145
37146
37153
37156
37160
37165
37168
37176
37177
37178
37179
37181
37182
37183
37189
37191
37194
37199
37203
37208
37213
37215
37218
37230
37233
37240
37246
37247
37248
37250
37259
37260
37265
37269
37271
37276
37277
37279
37283
37290
37296
37297
37301
37303
37311
37315
37316
37320
37322
37324
37325
37327
37328
37330
37331
37334
37337
37342
37350
37353
37354
37355
37358
37365
37368
37370
37371
37374
37375
37377
37382
37389
37390
37395
37397
37401
37408
37415
37418
37422
37424
37432
37438
37439
37440
37446
37456
37459
37460
37468
37480
37481
37485
37491
37493
37494
37495
37498
37503
37504
37510
37512
37514
37517
37519
37522
37531
37532
37548
37549
37553
37558
37559
37561
37564
37566
37570
37581
37590
37596
37605
37611
37617
37618
37619
37628
37645
37646
37648
37649
37650
37652
37657
37664
37666
37672
37673
37674
37689
37690
37693
37696
37697
37702
37704
37712
37718
37727
37728
37729
37731
37738
37743
37745
37747
37749
37752
37755
37758
37761
37772
37776
37783
37788
37790
37792
37799
37801
37806
37828
37829
37830
37840
37841
37843
37847
37848
37866
37867
37869
37870
37872
37877
37878
37879
37881
37883
37888
37905
37909
37913
37914
37915
37925
37931
37936
37938
37941
37944
37945
37949
37950
37955
37958
37962
37964
37966
37976
37978
37979
37984
37992
37995
37999
38000
38003
38010
38011
38023
38029
38030
38031
38036
38037
38038
38039
38041
38043
38044
38046
38047
38048
38049
38051
38052
38053
38054
38060
38064
38075
38078
38080
38082
38083
38084
38085
38086
38091
38096
38098
38102
38112
38114
38123
38127
38129
38130
38135
38147
38150
38151
38154
38157
38175
38179
38183
38185
38186
38187
38188
38190
38198
38205
38207
38208
38211
38216
38217
38222
38224
38231
38233
38235
38238
38242
38246
38248
38254
38260
38262
38266
38270
38271
38278
38282
38285
38289
38299
38307
38311
38312
38320
38321
38326
38330
38334
38335
38336
38340
38341
38342
38344
38345
38347
38349
38354
38365
38368
38387
38389
38390
38410
38417
38419
38423
38431
38433
38434
38445
38448
38449
38451
38455
38456
38463
38464
38466
38476
38478
38479
38482
38484
38485
38487
38493
38499
38514
38518
38519
38529
38533
38535
38536
38545
38547
38551
38552
38556
38566
38571
38574
38576
38577
38579
38580
38581
38586
38590
38591
38596
38600
38605
38610
38613
38614
38617
38618
38628
38630
38632
38633
38635
38638
38639
38642
38643
38650
38655
38656
38658
38670
38675
38681
38682
38683
38704
38710
38711
38713
38716
38718
38722
38728
38744
38748
38753
38765
38770
38772
38781
38782
38783
38785
38790
38791
38795
38796
38812
38818
38822
38823
38824
38828
38829
38831
38838
38841
38842
38847
38849
38855
38861
38866
38869
38872
38877
38878
38879
38885
38887
38888
38891
38898
38900
38905
38911
38913
38919
38921
38928
38937
38939
38943
38948
38953
38958
38963
38970
38971
38974
38976
38977
38980
38984
38993
38995
39001
39006
39008
39012
39013
39024
39026
39027
39037
39040
39044
39045
39049
39056
39058
39059
39060
39074
39076
39080
39083
39101
39102
39104
39113
39121
39124
39128
39135
39138
39141
39149
39153
39170
39175
39179
39182
39192
39195
39196
39201
39203
39208
39213
39218
39222
39223
39230
39236
39241
39245
39249
39250
39256
39260
39268
39271
39277
39281
39286
39288
39289
39290
39291
39292
39296
39301
39302
39308
39309
39311
39320
39321
39322
39325
39329
39333
39339
39347
39348
39353
39355
39363
39372
39379
39380
39382
39386
39387
39390
39391
39392
39396
39397
39409
39420
39422
39428
39430
39431
39435
39438
39443
39447
39451
39471
39477
39480
39481
39486
39489
39490
39491
39492
39504
39519
39521
39524
39530
39531
39546
39549
39550
39552
39553
39566
39574
39580
39584
39589
39596
39601
39604
39606
39610
39615
39619
39622
39628
39631
39638
39650
39651
39652
39654
39656
39664
39665
39666
39670
39674
39681
39683
39691
39692
39693
39696
39701
39705
39709
39716
39718
39719
39720
39723
39725
39728
39729
39735
39737
39739
39748
39749
39760
39761
39763
39765
39769
39774
39780
39788
39789
39792
39793
39798
39805
39811
39815
39819
39820
39825
39826
39828
39842
39846
39847
39848
39851
39857
39858
39863
39875
39877
39883
39886
39892
39899
39901
39903
39904
39906
39907
39911
39914
39925
39926
39927
39928
39931
39935
39940
39941
39952
39953
39957
39959
39964
39965
39966
39974
39986
39987
39990
39995
39996
40000
40003
40009
40010
40012
40013
40014
40018
40020
40022
40024
40031
40033
40034
40046
40053
40054
40056
40076
40077
40081
40084
40088
40090
40097
40104
40108
40113
40125
40126
40128
40129
40131
40133
40138
40143
40145
40148
40149
40150
40152
40159
40163
40165
40176
40184
40190
40193
40194
40197
40204
40207
40210
40211
40212
40220
40227
40232
40241
40245
40248
40250
40271
40275
40283
40287
40290
40294
40297
40300
40315
40317
40319
40320
40321
40328
40332
40333
40334
40341
40343
40346
40348
40349
40352
40354
40355
40358
40359
40363
40370
40379
40386
40392
40399
40401
40405
40407
40410
40411
40418
40420
40427
40432
40442
40444
40446
40448
40449
40460
40464
40472
40475
40476
40479
40482
40485
40487
40492
40497
40498
40504
40509
40515
40516
40519
40525
40526
40535
40542
40545
40548
40554
40556
40558
40569
40573
40577
40583
40586
40589
40590
40594
40595
40602
40603
40607
40608
40612
40615
40618
40619
40621
40625
40635
40639
40642
40644
40648
40649
40650
40651
40652
40654
40656
40664
40677
40678
40679
40680
40682
40697
40703
40708
40717
40726
40727
40733
40740
40741
40746
40747
40752
40754
40760
40761
40768
40779
40787
40796
40798
40802
40806
40807
40818
40826
40827
40830
40838
40843
40848
40851
40852
40860
40861
40867
40872
40873
40876
40877
40880
40887
40890
40891
40896
40900
40904
40906
40910
40914
40918
40922
40924
40928
40934
40935
40937
40938
40945
40956
40958
40972
40974
40975
40978
40984
40987
41006
41010
41013
41014
41015
41019
41020
41021
41030
41034
41036
41038
41040
41051
41053
41055
41057
41061
41068
41071
41072
41073
41075
41077
41080
41091
41092
41100
41105
41110
41114
41116
41118
41119
41121
41124
41125
41127
41131
41133
41138
41146
41151
41152
41155
41158
41164
41167
41170
41179
41186
41189
41192
41195
41198
41200
41208
41212
41213
41214
41216
41217
41220
41222
41223
41233
41234
41235
41236
41237
41238
41242
41243
41248
41254
41257
41258
41262
41263
41266
41274
41277
41279
41295
41296
41299
41300
41301
41307
41322
41324
41334
41338
41342
41343
41345
41346
41352
41355
41356
41372
41378
41392
41404
41405
41410
41412
41414
41421
41423
41428
41432
41433
41435
41445
41452
41456
41457
41460
41467
41469
41471
41474
41481
41482
41484
41487
41488
41489
41490
41495
41497
41510
41513
41519
41520
41523
41524
41532
41540
41545
41546
41550
41556
41557
41559
41563
41569
41573
41574
41576
41579
41588
41599
41600
41602
41606
41607
41609
41613
41617
41619
41628
41636
41637
41644
41651
41663
41664
41666
41668
41677
41681
41682
41686
41690
41696
41702
41703
41706
41720
41726
41729
41731
41733
41738
41740
41741
41745
41748
41751
41756
41762
41768
41772
41774
41777
41790
41792
41797
41799
41800
41804
41806
41807
41810
41813
41818
41821
41832
41834
41837
41840
41842
41844
41848
41851
41855
41858
41859
41860
41862
41863
41865
41866
41868
41869
41872
41874
41879
41880
41882
41888
41890
41891
41896
41900
41907
41912
41917
41925
41929
41932
41952
41960
41961
41963
41964
41966
41971
41975
41978
41986
41990
41991
41993
41999
42007
42010
42019
42023
42026
42036
42037
42038
42039
42044
42057
42060
42069
42070
42071
42072
42073
42080
42081
42083
42090
42092
42103
42105
42107
42110
42112
42119
42121
42130
42132
42134
42141
42143
42147
42148
42151
42163
42165
42166
42171
42172
42175
42178
42179
42181
42183
42188
42190
42193
42194
42199
42201
42204
42205
42217
42221
42226
42228
42231
42235
42237
42239
42241
42248
42256
42260
42267
42271
42272
42282
42283
42287
42288
42298
42301
42309
42315
42318
42319
42320
42321
42332
42335
42351
42352
42361
42364
42372
42376
42379
42381
42382
42392
42399
42400
42402
42410
42413
42425
42427
42430
42433
42435
42437
42439
42443
42446
42448
42456
42461
42464
42465
42474
42476
42493
42498
42507
42516
42517
42519
42523
42528
42531
42532
42543
42558
42559
42563
42564
42566
42567
42568
42569
42572
42573
42576
42581
42587
42589
42590
42593
42597
42600
42601
42602
42606
42615
42618
42621
42622
42628
42630
42637
42639
42644
42646
42648
42649
42658
42659
42663
42669
42673
42674
42678
42684
42687
42688
42697
42700
42707
42711
42716
42722
42732
42734
42735
42740
42743
42750
42754
42755
42759
42761
42765
42774
42784
42785
42786
42793
42796
42797
42802
42803
42804
42808
42815
42823
42829
42834
42838
42844
42852
42854
42860
42867
42869
42877
42878
42879
42882
42883
42891
42892
42904
42908
42912
42913
42914
42915
42918
42920
42921
42927
42928
42929
42931
42934
42945
42947
42949
42952
42954
42972
42978
42984
42986
42987
42990
42992
42995
42998
43002
43006
43010
43012
43015
43019
43037
43045
43050
43054
43061
43070
43073
43076
43077
43080
43085
43092
43095
43098
43120
43125
43132
43134
43138
43146
43160
43173
43177
43178
43179
43184
43194
43195
43205
43211
43214
43217
43219
43220
43224
43232
43240
43244
43245
43252
43253
43261
43266
43267
43274
43277
43279
43280
43288
43289
43292
43297
43301
43302
43303
43313
43315
43317
43323
43324
43327
43331
43342
43356
43363
43366
43368
43369
43371
43375
43378
43381
43385
43394
43398
43402
43403
43413
43416
43417
43422
43427
43438
43442
43443
43447
43450
43451
43454
43456
43457
43458
43465
43473
43475
43476
43479
43480
43483
43493
43500
43504
43508
43518
43519
43525
43542
43548
43551
43555
43564
43572
43573
43586
43589
43592
43593
43600
43602
43605
43607
43608
43609
43610
43613
43628
43631
43633
43636
43638
43639
43641
43646
43649
43655
43657
43659
43660
43664
43667
43668
43669
43670
43672
43687
43692
43698
43700
43702
43708
43709
43711
43715
43716
43727
43731
43740
43741
43742
43750
43754
43757
43767
43771
43775
43777
43783
43789
43797
43798
43804
43811
43813
43814
43816
43818
43823
43825
43828
43829
43831
43838
43841
43847
43849
43851
43854
43856
43859
43861
43867
43875
43878
43885
43888
43893
43907
43908
43909
43911
43914
43918
43922
43924
43930
43932
43934
43935
43944
43945
43947
43949
43951
43953
43954
43961
43963
43965
43967
43972
43974
43976
43977
43980
43981
43987
43988
43989
43990
43992
43993
43994
43996
43998
44001
44005
44007
44008
44017
44019
44024
44026
44027
44029
44030
44031
44034
44035
44037
44045
44056
44067
44069
44073
44074
44080
44082
44087
44097
44102
44104
44107
44109
44116
44121
44122
44125
44126
44134
44136
44138
44140
44141
44143
44144
44145
44147
44148
44149
44150
44158
44162
44165
44167
44168
44170
44171
44175
44176
44177
44178
44179
44181
44183
44191
44192
44202
44203
44204
44208
44210
44220
44225
44231
44234
44235
44243
44245
44250
44252
44255
44257
44258
44266
44267
44272
44275
44279
44281
44282
44284
44288
44294
44296
44298
44299
44300
44303
44305
44307
44309
44311
44316
44319
44320
44322
44323
44334
44349
44350
44359
44367
44369
44370
44381
44384
44386
44390
44392
44418
44423
44426
44428
44430
44431
44435
44436
44443
44448
44454
44461
44463
44464
44466
44467
44468
44470
44472
44475
44476
44480
44484
44494
44498
44500
44508
44509
44520
44524
44529
44539
44543
44545
44546
44549
44552
44557
44562
44568
44579
44580
44582
44589
44592
44596
44598
44599
44600
44609
44616
44618
44619
44624
44625
44630
44632
44635
44637
44643
44644
44645
44653
44657
44658
44660
44662
44666
44667
44668
44670
44674
44677
44679
44680
44686
44689
44694
44709
44715
44719
44721
44726
44731
44739
44741
44742
44743
44746
44749
44757
44764
44765
44770
44771
44773
44777
44778
44785
44790
44791
44794
44799
44800
44802
44805
44806
44818
44820
44828
44830
44835
44837
44847
44849
44854
44857
44859
44864
44866
44867
44869
44870
44875
44876
44879
44884
44887
44889
44896
44897
44906
44910
44913
44918
44924
44925
44930
44932
44936
44940
44946
44951
44956
44957
44961
44965
44966
44967
44968
44970
44971
44975
44976
44977
44986
44991
44993
45001
45002
45003
45004
45005
45010
45011
45013
45014
45015
45016
45021
45023
45028
45030
45035
45060
45064
45067
45068
45070
45074
45075
45077
45081
45082
45084
45085
45088
45089
45096
45097
45100
45102
45105
45106
45113
45118
45119
45120
45123
45126
45128
45143
45156
45157
45163
45166
45175
45176
45182
45186
45187
45188
45190
45191
45194
45195
45213
45218
45232
45233
45238
45242
45243
45244
45250
45254
45259
45262
45264
45265
45268
45269
45270
45272
45281
45286
45288
45289
45291
45296
45297
45301
45303
45304
45310
45313
45314
45316
45317
45319
45320
45329
45332
45339
45344
45347
45348
45349
45357
45358
45364
45368
45371
45373
45384
45387
45389
45390
45391
45393
45403
45406
45412
45413
45414
45419
45421
45423
45425
45427
45434
45437
45438
45439
45440
45445
45456
45457
45466
45483
45484
45485
45487
45488
45496
45500
45507
45508
45509
45513
45515
45516
45522
45525
45532
45533
45542
45546
45548
45552
45556
45559
45564
45565
45567
45569
45574
45580
45582
45588
45594
45599
45601
45602
45604
45613
45615
45621
45632
45636
45652
45654
45656
45666
45672
45679
45681
45685
45688
45691
45700
45714
45716
45725
45728
45736
45737
45763
45764
45768
45769
45772
45778
45780
45787
45800
45810
45820
45821
45827
45837
45845
45847
45852
45857
45864
45866
45885
45886
45890
45899
45904
45910
45919
45921
45923
45927
45933
45936
45946
45947
45953
45956
45960
45969
45972
45980
45982
45987
45988
46000
46011
46013
46019
46026
46037
46041
46046
46047
46053
46054
46060
46062
46071
46086
46088
46089
46095
46106
46107
46108
46113
46115
46116
46118
46133
46135
46137
46140
46146
46147
46148
46150
46153
46159
46177
46192
46194
46200
46202
46205
46207
46209
46219
46224
46233
46244
46255
46259
46268
46277
46279
46281
46284
46287
46288
46290
46293
46294
46295
46297
46303
46304
46315
46319
46323
46324
46325
46328
46338
46339
46340
46343
46344
46349
46357
46358
46362
46366
46367
46369
46376
46380
46382
46394
46398
46402
46403
46406
46409
46411
46414
46417
46418
46419
46420
46421
46430
46434
46439
46442
46446
46457
46458
46461
46462
46467
46473
46474
46475
46478
46480
46486
46491
46503
46507
46513
46514
46520
46522
46523
46541
46542
46544
46547
46548
46553
46554
46561
46562
46563
46565
46575
46576
46584
46585
46586
46588
46590
46592
46593
46598
46603
46608
46610
46613
46614
46619
46625
46630
46631
46632
46637
46638
46643
46650
46652
46653
46655
46657
46658
46673
46674
46678
46679
46680
46681
46687
46689
46690
46692
46701
46706
46712
46717
46718
46724
46725
46727
46729
46732
46738
46740
46743
46746
46748
46749
46750
46756
46759
46763
46766
46770
46782
46796
46797
46801
46802
46803
46805
46806
46807
46809
46813
46822
46827
46828
46831
46832
46838
46839
46842
46843
46847
46859
46864
46865
46866
46872
46873
46876
46881
46889
46893
46894
46897
46898
46900
46902
46904
46906
46908
46910
46914
46920
46922
46923
46928
46930
46932
46934
46935
46936
46941
46943
46945
46949
46953
46956
46957
46958
46964
46966
46967
46969
46972
46981
46983
46987
46989
46990
46992
47014
47017
47022
47030
47033
47040
47042
47043
47045
47048
47050
47061
47067
47068
47079
47089
47093
47100
47102
47104
47105
47106
47108
47113
47126
47127
47133
47136
47138
47140
47143
47147
47151
47162
47163
47168
47171
47172
47176
47180
47190
47196
47199
47201
47207
47208
47210
47215
47220
47224
47226
47227
47237
47239
47242
47243
47253
47254
47260
47267
47271
47274
47277
47278
47279
47280
47286
47288
47293
47294
47298
47304
47306
47314
47317
47320
47324
47326
47328
47329
47330
47332
47336
47337
47339
47344
47349
47355
47364
47370
47375
47377
47379
47381
47384
47390
47392
47398
47401
47402
47404
47410
47411
47418
47420
47421
47423
47428
47431
47433
47439
47444
47446
47453
47456
47457
47458
47464
47468
47473
47480
47483
47486
47488
47492
47495
47499
47507
47519
47520
47523
47525
47526
47532
47533
47535
47539
47540
47541
47542
47549
47550
47557
47560
47563
47566
47571
47579
47581
47582
47585
47588
47589
47593
47594
47595
47599
47601
47603
47616
47617
47618
47622
47626
47630
47632
47633
47639
47642
47645
47651
47670
47674
47675
47676
47677
47678
47680
47685
47686
47689
47691
47693
47698
47701
47703
47710
47711
47714
47726
47735
47737
47740
47745
47750
47753
47754
47761
47763
47766
47771
47799
47802
47804
47805
47808
47816
47821
47834
47836
47845
47846
47848
47849
47852
47862
47863
47864
47865
47872
47882
47884
47892
47904
47906
47908
47912
47916
47917
47925
47926
47930
47931
47933
47935
47939
47940
47941
47943
47946
47948
47949
47955
47957
47958
47963
47966
47968
47969
47980
47981
47982
47987
47989
47991
47993
47994
48001
48002
48009
48013
48015
48024
48025
48026
48032
48037
48038
48054
48059
48064
48069
48071
48079
48082
48086
48094
48096
48097
48100
48102
48105
48108
48109
48115
48117
48119
48122
48128
48130
48135
48136
48141
48143
48145
48146
48147
48148
48157
48159
48162
48163
48173
48174
48185
48186
48187
48197
48205
48209
48212
48216
48217
48222
48234
48235
48239
48243
48246
48248
48250
48251
48252
48254
48257
48263
48264
48266
48272
48275
48280
48282
48289
48291
48293
48294
48295
48309
48312
48314
48317
48318
48322
48324
48327
48331
48347
48348
48350
48355
48358
48359
48363
48370
48375
48377
48378
48382
48389
48390
48392
48399
48402
48404
48407
48414
48415
48416
48417
48419
48424
48426
48428
48430
48457
48458
48465
48470
48476
48485
48487
48489
48492
48493
48496
48498
48501
48504
48508
48510
48514
48515
48516
48520
48528
48533
48539
48543
48546
48554
48556
48557
48560
48564
48570
48571
48580
48584
48585
48587
48590
48598
48608
48610
48612
48618
48629
48631
48635
48636
48638
48643
48644
48648
48653
48655
48656
48663
48667
48671
48673
48674
48675
48677
48687
48691
48702
48703
48704
48709
48721
48728
48729
48735
48740
48742
48746
48748
48758
48764
48765
48777
48778
48779
48782
48783
48788
48792
48818
48820
48823
48834
48840
48842
48844
48845
48847
48850
48851
48852
48856
48859
48861
48869
48883
48891
48894
48898
48899
48901
48906
48907
48908
48915
48917
48920
48924
48926
48928
48930
48933
48939
48944
48947
48951
48958
48959
48962
48968
48971
48973
48975
48976
48978
48979
48986
48991
48993
48994
49004
49006
49008
49009
49018
49020
49021
49022
49032
49040
49045
49050
49053
49054
49060
49066
49067
49068
49069
49077
49080
49084
49085
49088
49091
49092
49093
49096
49099
49100
49106
49107
49117
49122
49128
49130
49136
49137
49146
49148
49149
49159
49161
49164
49168
49169
49173
49174
49176
49179
49186
49189
49196
49205
49219
49225
49227
49236
49243
49245
49250
49252
49255
49256
49263
49269
49275
49276
49286
49299
49303
49308
49313
49316
49325
49326
49328
49336
49337
49339
49340
49344
49345
49346
49348
49349
49354
49356
49357
49359
49362
49365
49368
49371
49373
49375
49376
49387
49395
49401
49408
49409
49410
49420
49423
49430
49432
49435
49439
49441
49443
49448
49450
49457
49463
49469
49471
49482
49483
49486
49487
49489
49490
49491
49497
49498
49505
49507
49509
49510
49511
49513
49517
49525
49527
49528
49530
49535
49536
49543
49554
49555
49556
49557
49559
49560
49566
49569
49572
49573
49574
49576
49585
49587
49588
49594
49599
49604
49605
49613
49615
49616
49617
49619
49621
49627
49628
49629
49632
49633
49635
49641
49643
49651
49652
49656
49658
49660
49671
49672
49676
49684
49693
49702
49710
49711
49716
49717
49718
49720
49721
49723
49725
49734
49735
49739
49755
49761
49762
49768
49781
49784
49790
49795
49799
49802
49813
49819
49822
49834
49835
49837
49840
49846
49847
49849
49855
49856
49863
49868
49869
49871
49873
49875
49886
49890
49891
49899
49900
49914
49921
49930
49932
49938
49941
49952
49959
49969
49973
49977
49989
49992
49994
49995
