9
10
29
30
35
41
44
49
52
65
66
75
77
83
90
93
97
99
105
115
116
119
129
133
134
137
140
144
150
157
165
168
171
173
175
179
184
185
189
190
195
199
203
213
218
220
223
226
227
233
236
239
241
242
253
255
257
261
262
264
266
268
271
275
276
279
281
283
284
288
293
296
300
301
302
304
308
310
311
312
314
315
317
325
330
331
332
333
336
341
344
348
349
352
354
358
363
364
371
373
375
376
389
392
393
396
398
400
401
402
404
405
407
411
415
417
432
436
439
448
453
454
455
457
460
463
467
468
474
475
481
489
493
494
497
498
504
510
513
515
525
527
533
535
538
539
547
548
555
557
559
563
564
576
593
597
598
600
604
605
606
608
613
614
626
628
632
637
648
650
658
663
665
676
687
690
693
694
695
696
698
699
700
708
711
713
717
724
731
733
735
748
752
757
762
765
775
778
782
783
799
800
802
803
804
812
814
816
817
820
822
823
828
832
833
834
836
840
843
845
855
863
864
866
869
871
872
873
874
876
887
889
893
902
905
906
911
927
928
930
933
934
936
938
940
942
947
957
963
965
974
983
986
989
991
992
1003
1006
1007
1012
1024
1029
1033
1037
1039
1041
1044
1048
1064
1065
1068
1069
1086
1090
1095
1097
1119
1122
1123
1130
1142
1144
1147
1153
1163
1166
1168
1170
1178
1185
1187
1188
1189
1195
1202
1205
1207
1209
1211
1214
1216
1219
1221
1227
1234
1240
1242
1243
1249
1258
1260
1266
1269
1270
1275
1278
1285
1291
1296
1304
1305
1306
1310
1319
1320
1321
1327
1329
1335
1338
1340
1356
1359
1372
1376
1380
1381
1382
1389
1394
1400
1409
1410
1413
1415
1421
1424
1427
1428
1432
1434
1435
1443
1444
1446
1448
1451
1454
1463
1466
1470
1471
1473
1476
1477
1481
1492
1493
1494
1502
1507
1514
1522
1524
1530
1533
1540
1541
1547
1548
1551
1555
1559
1560
1562
1565
1568
1570
1574
1576
1580
1583
1589
1593
1594
1598
1599
1601
1603
1604
1605
1607
1609
1611
1614
1624
1626
1629
1630
1631
1632
1651
1654
1656
1660
1664
1667
1668
1674
1677
1681
1684
1689
1693
1701
1705
1707
1708
1709
1711
1712
1715
1731
1736
1740
1746
1755
1757
1759
1768
1769
1781
1787
1789
1790
1799
1805
1811
1812
1816
1817
1821
1824
1831
1834
1846
1851
1852
1854
1866
1869
1871
1872
1873
1878
1885
1887
1895
1897
1901
1903
1907
1913
1926
1929
1935
1937
1939
1943
1946
1950
1954
1960
1961
1965
1973
1977
1980
1985
1988
1990
1991
1998
1999
2004
2006
2010
2014
2021
2027
2034
2035
2039
2041
2046
2053
2060
2066
2072
2084
2087
2091
2093
2096
2098
2107
2114
2123
2126
2127
2132
2133
2134
2136
2137
2138
2142
2145
2156
2162
2163
2165
2168
2169
2171
2173
2186
2189
2198
2200
2209
2223
2224
2227
2233
2237
2245
2246
2247
2248
2250
2254
2258
2262
2264
2269
2277
2280
2283
2287
2291
2306
2315
2320
2322
2324
2326
2330
2341
2342
2343
2345
2349
2350
2353
2355
2359
2362
2365
2375
2387
2389
2391
2401
2403
2410
2413
2420
2421
2422
2423
2427
2428
2429
2435
2436
2444
2445
2446
2451
2453
2456
2459
2460
2467
2470
2473
2476
2478
2490
2496
2504
2511
2512
2513
2516
2521
2527
2538
2540
2545
2567
2568
2570
2574
2578
2582
2587
2588
2591
2593
2596
2598
2600
2606
2607
2610
2611
2613
2614
2615
2617
2619
2622
2630
2633
2639
2642
2652
2656
2659
2660
2661
2662
2675
2679
2680
2683
2692
2698
2699
2701
2704
2705
2707
2714
2718
2719
2720
2727
2742
2752
2762
2765
2772
2773
2780
2782
2789
2802
2804
2808
2809
2811
2812
2815
2824
2825
2827
2828
2835
2841
2844
2848
2849
2851
2855
2859
2860
2861
2862
2863
2867
2882
2883
2885
2894
2895
2896
2910
2925
2932
2936
2938
2946
2948
2949
2950
2958
2959
2962
2964
2967
2971
2972
2975
2980
2983
2988
2990
2993
2994
2996
2998
3010
3011
3024
3025
3038
3042
3049
3051
3053
3060
3062
3063
3064
3066
3068
3069
3072
3073
3074
3076
3077
3078
3084
3085
3092
3100
3102
3108
3113
3114
3118
3128
3131
3136
3139
3140
3161
3176
3180
3181
3183
3184
3193
3195
3197
3201
3204
3211
3214
3217
3224
3225
3226
3229
3230
3231
3235
3241
3246
3253
3257
3263
3277
3288
3292
3295
3299
3304
3318
3325
3328
3329
3332
3334
3335
3336
3337
3338
3344
3347
3352
3361
3362
3366
3375
3382
3386
3387
3391
3399
3410
3414
3415
3423
3433
3438
3439
3440
3441
3443
3452
3462
3466
3478
3483
3484
3485
3498
3511
3512
3514
3515
3520
3523
3533
3536
3548
3549
3550
3555
3564
3569
3570
3574
3582
3585
3592
3605
3607
3608
3609
3610
3618
3626
3634
3644
3645
3646
3647
3657
3659
3661
3663
3665
3673
3674
3679
3684
3689
3692
3694
3696
3701
3713
3715
3721
3725
3731
3734
3735
3741
3742
3744
3749
3756
3759
3771
3772
3773
3779
3781
3786
3789
3791
3802
3815
3818
3831
3840
3842
3847
3851
3852
3859
3863
3868
3871
3880
3884
3886
3891
3893
3899
3900
3901
3903
3906
3907
3909
3911
3917
3918
3924
3934
3935
3938
3940
3944
3951
3962
3964
3971
3979
3987
3992
3999
4006
4008
4010
4011
4014
4018
4021
4022
4023
4027
4030
4032
4038
4039
4046
4048
4057
4058
4060
4061
4073
4078
4079
4080
4081
4085
4090
4091
4096
4097
4100
4101
4122
4124
4132
4138
4139
4141
4145
4152
4155
4162
4163
4165
4171
4173
4176
4184
4185
4186
4189
4192
4197
4200
4202
4206
4208
4214
4229
4237
4239
4240
4242
4243
4244
4249
4250
4256
4261
4269
4270
4271
4273
4281
4282
4293
4295
4299
4301
4306
4311
4314
4322
4323
4326
4327
4330
4332
4334
4337
4338
4342
4348
4350
4352
4353
4354
4358
4360
4363
4368
4372
4373
4376
4379
4387
4390
4392
4398
4409
4410
4411
4417
4420
4423
4424
4426
4431
4437
4443
4453
4455
4458
4459
4464
4466
4468
4470
4471
4472
4475
4476
4477
4481
4482
4490
4491
4496
4498
4504
4505
4509
4515
4516
4521
4523
4524
4533
4537
4540
4543
4552
4558
4559
4563
4564
4565
4567
4570
4571
4574
4577
4578
4585
4588
4590
4591
4592
4597
4599
4601
4607
4608
4614
4619
4620
4621
4624
4625
4634
4641
4645
4647
4651
4653
4655
4657
4669
4673
4683
4689
4717
4719
4721
4722
4726
4727
4732
4745
4746
4748
4759
4764
4765
4774
4775
4776
4777
4778
4782
4787
4793
4797
4798
4803
4816
4819
4821
4841
4847
4854
4855
4856
4858
4859
4861
4866
4868
4869
4887
4888
4894
4895
4906
4909
4915
4917
4918
4919
4925
4927
4929
4931
4935
4940
4941
4942
4949
4952
4957
4967
4971
4983
4984
4985
4991
4993
4994
4998
5000
5003
5005
5010
5012
5014
5015
5016
5021
5028
5029
5033
5037
5049
5050
5052
5053
5065
5069
5070
5082
5089
5093
5094
5096
5099
5102
5103
5112
5115
5127
5130
5144
5147
5149
5151
5154
5163
5174
5181
5184
5192
5193
5194
5195
5196
5197
5201
5202
5209
5210
5211
5216
5218
5225
5227
5232
5242
5247
5249
5257
5259
5260
5261
5266
5277
5287
5290
5294
5311
5314
5319
5322
5323
5324
5327
5330
5331
5334
5337
5340
5341
5344
5346
5349
5356
5362
5371
5387
5391
5392
5395
5399
5404
5414
5415
5417
5422
5426
5428
5432
5440
5441
5445
5451
5457
5468
5470
5472
5477
5479
5481
5484
5493
5494
5506
5512
5516
5521
5529
5530
5533
5535
5539
5548
5549
5550
5552
5557
5559
5566
5576
5580
5586
5587
5589
5590
5592
5603
5604
5607
5609
5614
5615
5616
5618
5623
5626
5635
5640
5642
5647
5649
5657
5659
5663
5665
5669
5673
5677
5683
5684
5685
5696
5699
5702
5703
5704
5706
5707
5709
5712
5714
5715
5717
5718
5719
5722
5724
5733
5738
5742
5743
5747
5751
5757
5762
5765
5769
5770
5773
5775
5791
5797
5800
5803
5811
5813
5814
5816
5828
5834
5838
5841
5843
5852
5858
5860
5862
5864
5867
5870
5873
5874
5881
5883
5888
5895
5902
5903
5908
5913
5917
5922
5924
5928
5939
5942
5945
5952
5954
5955
5956
5957
5959
5962
5967
5969
5971
5972
5973
5979
5981
5984
5988
5994
5998
6008
6011
6013
6015
6018
6020
6025
6040
6049
6054
6062
6063
6067
6068
6073
6074
6075
6085
6090
6092
6098
6109
6112
6113
6122
6124
6132
6136
6141
6142
6151
6161
6165
6170
6177
6185
6187
6188
6190
6191
6199
6221
6226
6228
6230
6233
6240
6241
6242
6244
6260
6265
6269
6272
6276
6280
6285
6288
6292
6302
6304
6305
6308
6312
6313
6317
6325
6327
6328
6330
6332
6334
6347
6353
6354
6366
6367
6368
6369
6370
6371
6373
6374
6375
6376
6378
6380
6382
6387
6393
6396
6399
6400
6405
6408
6420
6424
6425
6428
6429
6440
6446
6448
6455
6456
6461
6469
6479
6482
6486
6489
6493
6494
6495
6503
6504
6507
6511
6512
6515
6518
6520
6540
6542
6543
6549
6550
6553
6555
6556
6557
6561
6562
6563
6567
6570
6583
6589
6597
6603
6608
6609
6617
6629
6638
6640
6645
6650
6656
6659
6663
6665
6669
6670
6673
6674
6678
6682
6683
6686
6687
6688
6701
6702
6709
6710
6711
6714
6716
6719
6724
6729
6732
6733
6735
6736
6737
6742
6743
6747
6751
6753
6757
6758
6761
6765
6769
6779
6786
6799
6813
6814
6819
6820
6831
6833
6851
6854
6856
6858
6860
6863
6865
6867
6871
6877
6883
6884
6885
6886
6889
6895
6897
6899
6901
6904
6908
6910
6915
6919
6920
6921
6923
6924
6927
6928
6929
6933
6938
6943
6944
6947
6949
6952
6954
6959
6961
6969
6972
6973
6976
6983
6988
6996
7002
7005
7006
7008
7012
7014
7015
7018
7019
7026
7039
7053
7060
7074
7081
7087
7093
7095
7106
7124
7128
7135
7144
7147
7151
7163
7165
7166
7168
7173
7174
7176
7179
7183
7187
7196
7198
7200
7203
7205
7209
7211
7212
7217
7220
7221
7225
7228
7234
7238
7243
7247
7251
7255
7256
7258
7263
7271
7286
7289
7297
7298
7299
7300
7301
7311
7312
7317
7320
7324
7327
7328
7340
7344
7347
7349
7350
7352
7357
7360
7370
7377
7378
7379
7390
7396
7397
7401
7406
7408
7409
7423
7425
7430
7432
7434
7438
7442
7444
7445
7462
7463
7464
7470
7475
7477
7480
7485
7487
7489
7490
7501
7502
7503
7504
7505
7509
7511
7513
7520
7521
7522
7527
7528
7529
7530
7532
7533
7537
7539
7543
7545
7547
7548
7550
7552
7573
7579
7581
7582
7584
7586
7588
7592
7596
7597
7599
7600
7603
7607
7612
7615
7616
7621
7622
7631
7633
7635
7640
7641
7643
7647
7649
7651
7654
7655
7658
7659
7660
7662
7663
7667
7670
7671
7673
7674
7682
7700
7707
7709
7713
7714
7718
7721
7722
7723
7727
7731
7742
7747
7751
7757
7761
7765
7770
7772
7777
7778
7782
7783
7784
7787
7788
7792
7801
7805
7808
7810
7814
7818
7821
7822
7826
7827
7832
7839
7841
7842
7844
7847
7850
7859
7860
7865
7866
7868
7872
7875
7878
7879
7883
7887
7889
7890
7898
7905
7907
7913
7914
7919
7925
7930
7936
7939
7946
7953
7954
7957
7962
7965
7968
7970
7971
7972
7979
7985
7988
7991
7998
8010
8018
8019
8020
8023
8024
8029
8035
8044
8046
8049
8062
8063
8072
8077
8079
8081
8083
8086
8090
8092
8093
8094
8096
8097
8098
8099
8101
8102
8112
8116
8118
8119
8121
8124
8130
8132
8135
8136
8147
8155
8157
8160
8166
8173
8174
8178
8179
8182
8185
8189
8190
8192
8195
8197
8199
8200
8201
8207
8209
8215
8216
8217
8223
8227
8228
8242
8244
8247
8249
8258
8259
8268
8272
8275
8280
8286
8287
8292
8294
8296
8297
8300
8304
8305
8307
8313
8324
8328
8332
8336
8339
8340
8342
8350
8355
8359
8362
8365
8367
8370
8371
8376
8380
8381
8382
8383
8387
8389
8392
8400
8406
8410
8421
8423
8425
8426
8427
8432
8437
8438
8443
8444
8450
8451
8453
8457
8459
8460
8478
8482
8485
8486
8494
8507
8515
8518
8522
8523
8524
8527
8528
8535
8543
8548
8549
8553
8554
8556
8558
8559
8563
8564
8569
8570
8573
8577
8578
8598
8600
8607
8616
8622
8623
8624
8628
8638
8645
8649
8655
8656
8660
8661
8663
8667
8669
8676
8684
8685
8692
8693
8695
8696
8702
8706
8729
8733
8734
8739
8741
8746
8748
8750
8753
8757
8759
8761
8765
8771
8774
8777
8778
8779
8781
8782
8784
8790
8791
8793
8794
8797
8798
8801
8806
8809
8810
8813
8819
8825
8833
8839
8842
8843
8846
8849
8853
8855
8856
8857
8858
8860
8866
8868
8871
8875
8880
8882
8889
8893
8898
8902
8905
8908
8911
8912
8921
8924
8925
8932
8934
8936
8938
8941
8953
8957
8960
8963
8969
8971
8973
8977
8983
8988
8990
8994
8995
9004
9005
9007
9009
9011
9014
9016
9017
9018
9020
9021
9031
9034
9040
9053
9057
9058
9059
9060
9062
9064
9069
9070
9077
9080
9085
9088
9089
9094
9096
9113
9118
9119
9121
9123
9124
9127
9138
9140
9144
9145
9148
9155
9157
9167
9171
9179
9181
9183
9184
9191
9193
9202
9209
9210
9216
9221
9230
9234
9235
9236
9240
9250
9251
9252
9253
9255
9257
9260
9263
9266
9267
9281
9287
9289
9290
9292
9296
9299
9304
9309
9312
9314
9322
9325
9327
9328
9333
9335
9341
9362
9372
9373
9375
9379
9384
9385
9386
9390
9392
9393
9398
9400
9401
9413
9417
9422
9430
9435
9438
9442
9448
9449
9459
9464
9471
9475
9476
9478
9485
9489
9493
9495
9498
9499
9509
9510
9512
9516
9518
9519
9520
9522
9523
9524
9525
9533
9534
9538
9542
9553
9555
9558
9563
9565
9566
9568
9576
9582
9583
9584
9585
9595
9596
9602
9603
9604
9611
9614
9616
9617
9619
9620
9635
9646
9647
9657
9660
9666
9667
9668
9671
9685
9687
9694
9695
9696
9697
9710
9712
9714
9718
9734
9735
9744
9745
9751
9754
9755
9759
9763
9766
9767
9774
9789
9794
9798
9799
9800
9801
9803
9806
9811
9813
9817
9819
9822
9824
9831
9853
9854
9857
9859
9860
9865
9868
9870
9874
9876
9881
9887
9889
9890
9892
9894
9895
9896
9898
9900
9905
9910
9915
9916
9917
9918
9920
9921
9925
9931
9934
9935
9938
9945
9952
9954
9955
9963
9966
9970
9976
9982
9983
9984
9985
9987
9993
9995
9997
9998
10000
10008
10010
10018
10020
10021
10022
10024
10031
10032
10033
10043
10044
10050
10053
10054
10057
10061
10062
10063
10064
10074
10079
10082
10083
10089
10090
10100
10110
10112
10115
10122
10124
10128
10130
10141
10143
10145
10146
10148
10151
10153
10159
10167
10168
10180
10182
10188
10190
10196
10197
10199
10202
10205
10212
10215
10224
10236
10237
10243
10244
10248
10255
10256
10259
10265
10266
10267
10271
10275
10276
10278
10292
10293
10297
10298
10301
10314
10319
10323
10326
10327
10330
10332
10334
10338
10340
10343
10345
10348
10352
10353
10355
10363
10365
10370
10378
10380
10383
10385
10393
10394
10399
10401
10403
10412
10420
10425
10428
10429
10436
10446
10450
10455
10462
10470
10476
10479
10486
10487
10492
10493
10495
10498
10499
10505
10513
10516
10518
10522
10525
10526
10535
10538
10544
10545
10548
10553
10571
10574
10576
10577
10578
10589
10601
10607
10608
10612
10614
10617
10624
10627
10630
10637
10640
10644
10648
10650
10653
10656
10667
10674
10675
10678
10679
10681
10682
10686
10689
10690
10693
10698
10700
10705
10711
10713
10714
10716
10725
10728
10729
10731
10732
10738
10741
10742
10744
10749
10760
10761
10764
10765
10767
10771
10776
10777
10782
10787
10788
10790
10796
10797
10798
10801
10804
10807
10811
10812
10824
10826
10831
10832
10835
10839
10842
10846
10847
10855
10857
10861
10863
10867
10869
10872
10878
10882
10883
10893
10895
10896
10897
10898
10902
10910
10911
10912
10918
10929
10933
10935
10952
10953
10954
10955
10960
10964
10969
10987
10989
10990
10991
10992
10993
10999
11000
11002
11006
11007
11008
11012
11014
11018
11021
11022
11023
11026
11027
11029
11031
11037
11047
11049
11052
11053
11054
11056
11060
11073
11075
11076
11078
11079
11080
11100
11107
11114
11115
11122
11130
11131
11132
11134
11151
11156
11169
11171
11176
11178
11179
11195
11196
11199
11201
11202
11205
11208
11216
11218
11223
11224
11229
11236
11237
11238
11240
11242
11243
11251
11255
11256
11263
11270
11273
11276
11280
11282
11283
11291
11297
11302
11304
11305
11308
11324
11325
11328
11333
11336
11337
11353
11356
11357
11359
11363
11367
11372
11374
11385
11395
11400
11403
11406
11407
11408
11416
11418
11421
11424
11425
11431
11437
11440
11443
11444
11451
11452
11455
11462
11464
11470
11474
11475
11478
11479
11480
11487
11494
11497
11500
11509
11511
11512
11514
11515
11522
11528
11532
11535
11542
11543
11544
11554
11558
11563
11571
11572
11579
11580
11583
11587
11600
11604
11612
11614
11615
11618
11622
11626
11629
11633
11640
11642
11643
11645
11646
11650
11653
11655
11661
11663
11666
11670
11671
11679
11682
11683
11684
11689
11691
11696
11697
11698
11701
11708
11709
11710
11713
11716
11718
11721
11731
11732
11734
11744
11745
11762
11766
11767
11768
11769
11772
11775
11776
11782
11783
11789
11802
11804
11812
11813
11816
11817
11821
11822
11824
11829
11831
11833
11835
11838
11844
11849
11850
11879
11884
11887
11894
11897
11902
11908
11910
11912
11913
11916
11918
11919
11920
11924
11925
11929
11937
11939
11943
11944
11946
11954
11957
11958
11959
11963
11972
11975
11979
11983
11985
11987
11989
11991
11992
12005
12006
12009
12010
12016
12022
12028
12029
12030
12037
12038
12043
12044
12047
12049
12051
12052
12056
12062
12064
12072
12073
12074
12078
12079
12080
12083
12095
12102
12106
12107
12110
12113
12114
12116
12121
12123
12129
12130
12131
12133
12137
12139
12143
12146
12149
12150
12156
12158
12164
12165
12169
12172
12178
12180
12181
12183
12185
12191
12192
12209
12210
12212
12216
12226
12230
12232
12234
12237
12239
12242
12247
12252
12257
12265
12270
12275
12276
12278
12280
12284
12287
12290
12292
12294
12295
12296
12297
12299
12300
12303
12308
12311
12313
12317
12323
12325
12328
12329
12338
12340
12343
12344
12345
12349
12355
12360
12362
12363
12374
12375
12382
12384
12389
12393
12398
12408
12409
12414
12419
12420
12429
12430
12435
12451
12453
12455
12458
12461
12465
12469
12470
12473
12475
12477
12492
12493
12494
12499
12504
12507
12509
12519
12521
12523
12533
12534
12536
12538
12540
12542
12548
12549
12552
12553
12560
12576
12586
12594
12595
12601
12609
12617
12620
12622
12623
12628
12629
12634
12637
12640
12641
12643
12657
12659
12660
12668
12669
12671
12672
12674
12676
12678
12682
12693
12697
12702
12704
12707
12710
12711
12713
12721
12730
12732
12737
12740
12742
12749
12750
12754
12757
12758
12761
12764
12766
12767
12773
12774
12777
12780
12781
12785
12788
12798
12800
12802
12803
12807
12808
12809
12814
12817
12818
12820
12828
12836
12841
12843
12847
12849
12854
12856
12865
12875
12877
12883
12893
12910
12911
12914
12915
12916
12917
12919
12920
12922
12923
12927
12929
12936
12937
12944
12945
12947
12960
12965
12967
12968
12977
12981
12982
12991
12993
12999
13002
13006
13008
13010
13011
13016
13028
13030
13031
13032
13036
13037
13040
13042
13043
13044
13045
13051
13052
13055
13056
13060
13064
13068
13069
13083
13084
13085
13086
13088
13090
13091
13106
13107
13110
13114
13118
13122
13136
13149
13151
13152
13154
13158
13165
13166
13174
13177
13179
13181
13187
13194
13201
13205
13206
13210
13221
13223
13224
13225
13229
13230
13232
13234
13235
13238
13240
13242
13248
13260
13262
13264
13273
13278
13282
13285
13286
13287
13289
13290
13292
13296
13300
13301
13311
13312
13318
13321
13324
13326
13331
13332
13334
13348
13352
13357
13366
13368
13371
13382
13398
13400
13401
13402
13403
13405
13411
13417
13419
13420
13433
13434
13435
13436
13440
13444
13447
13457
13459
13464
13466
13467
13468
13469
13471
13473
13478
13480
13483
13486
13489
13490
13492
13497
13506
13507
13508
13509
13522
13523
13524
13526
13533
13549
13558
13561
13570
13571
13575
13578
13582
13583
13592
13594
13613
13626
13627
13629
13637
13640
13643
13646
13649
13650
13656
13660
13667
13668
13677
13678
13682
13692
13697
13700
13707
13710
13712
13714
13716
13725
13727
13740
13743
13747
13751
13755
13760
13766
13769
13770
13774
13784
13800
13801
13812
13814
13817
13821
13833
13835
13837
13841
13843
13845
13846
13849
13850
13853
13855
13860
13861
13862
13864
13872
13873
13876
13877
13879
13880
13884
13894
13899
13902
13903
13914
13915
13922
13924
13928
13931
13936
13937
13939
13940
13944
13948
13951
13959
13964
13966
13968
13970
13973
13979
13983
13995
13996
13997
14007
14012
14021
14023
14025
14031
14034
14040
14047
14052
14056
14068
14069
14074
14079
14080
14089
14091
14092
14096
14105
14111
14116
14117
14124
14127
14128
14129
14130
14135
14136
14137
14138
14145
14146
14148
14153
14154
14156
14157
14164
14165
14167
14169
14171
14175
14182
14190
14193
14194
14195
14203
14206
14210
14213
14216
14225
14229
14230
14238
14248
14249
14251
14268
14269
14275
14284
14291
14297
14299
14300
14304
14307
14309
14311
14312
14314
14317
14321
14325
14329
14334
14335
14336
14339
14341
14343
14344
14347
14350
14353
14358
14364
14365
14367
14368
14371
14376
14377
14381
14382
14386
14390
14393
14396
14399
14404
14407
14409
14413
14421
14423
14432
14434
14439
14441
14445
14450
14451
14456
14460
14465
14468
14470
14473
14479
14481
14482
14485
14486
14487
14488
14496
14498
14499
14500
14507
14509
14516
14519
14520
14524
14526
14528
14534
14536
14542
14546
14548
14550
14558
14567
14569
14585
14591
14592
14594
14595
14597
14598
14602
14615
14617
14619
14627
14632
14643
14652
14654
14655
14659
14662
14666
14668
14672
14676
14689
14698
14708
14712
14713
14716
14720
14721
14727
14730
14732
14735
14754
14761
14764
14769
14774
14776
14778
14782
14785
14793
14796
14799
14800
14806
14807
14812
14814
14815
14819
14844
14848
14849
14851
14856
14857
14858
14859
14867
14871
14875
14877
14879
14887
14890
14898
14899
14900
14904
14909
14927
14934
14935
14945
14946
14948
14949
14955
14958
14964
14966
14978
14982
14995
15000
15003
15008
15014
15016
15030
15032
15034
15042
15044
15051
15054
15061
15065
15073
15077
15080
15086
15087
15088
15094
15097
15100
15102
15107
15113
15114
15115
15124
15134
15137
15144
15147
15149
15153
15155
15170
15172
15176
15178
15180
15183
15191
15202
15205
15210
15212
15224
15225
15230
15236
15240
15248
15255
15258
15261
15262
15275
15281
15288
15299
15304
15306
15308
15309
15312
15314
15315
15318
15333
15335
15339
15349
15352
15353
15355
15357
15379
15380
15383
15389
15392
15394
15396
15404
15414
15415
15423
15425
15434
15435
15436
15439
15443
15448
15450
15451
15452
15462
15464
15465
15466
15473
15483
15484
15486
15487
15493
15494
15500
15502
15509
15512
15516
15518
15522
15524
15541
15542
15546
15548
15554
15557
15558
15559
15571
15572
15574
15580
15581
15583
15585
15590
15594
15598
15601
15608
15609
15611
15620
15622
15623
15628
15632
15636
15639
15641
15642
15650
15661
15664
15669
15673
15677
15678
15683
15689
15697
15700
15704
15706
15707
15711
15723
15730
15735
15742
15747
15748
15749
15751
15753
15755
15767
15770
15779
15788
15792
15793
15797
15801
15809
15814
15819
15827
15831
15832
15834
15839
15848
15851
15855
15863
15864
15866
15867
15868
15869
15870
15871
15882
15884
15885
15886
15887
15890
15891
15893
15896
15897
15900
15903
15906
15907
15911
15922
15923
15926
15929
15931
15934
15937
15946
15949
15950
15959
15967
15974
15977
15981
15982
15984
15992
15995
15996
16002
16004
16006
16009
16010
16011
16012
16015
16017
16019
16023
16034
16036
16037
16048
16053
16056
16060
16063
16065
16066
16075
16077
16080
16083
16093
16100
16103
16105
16113
16115
16116
16120
16126
16133
16137
16139
16146
16148
16157
16160
16169
16180
16181
16182
16186
16189
16191
16196
16197
16201
16204
16207
16212
16213
16214
16219
16223
16225
16230
16232
16233
16235
16238
16245
16250
16252
16253
16256
16267
16268
16272
16276
16279
16284
16292
16296
16297
16299
16305
16309
16313
16316
16318
16320
16327
16338
16341
16345
16346
16352
16357
16363
16370
16371
16374
16375
16377
16380
16389
16391
16392
16397
16400
16409
16412
16420
16423
16428
16429
16446
16448
16450
16456
16460
16471
16487
16495
16497
16501
16502
16511
16513
16515
16521
16525
16529
16530
16531
16540
16541
16542
16543
16548
16549
16552
16553
16554
16555
16559
16560
16563
16564
16567
16571
16576
16579
16586
16590
16593
16594
16596
16598
16610
16613
16615
16616
16624
16625
16629
16632
16634
16635
16637
16638
16643
16647
16672
16673
16674
16677
16679
16682
16683
16686
16693
16695
16702
16704
16714
16721
16723
16726
16732
16733
16734
16742
16745
16746
16752
16754
16755
16757
16759
16763
16765
16770
16771
16776
16780
16785
16791
16792
16793
16796
16800
16801
16804
16807
16808
16816
16819
16825
16827
16829
16831
16836
16838
16840
16850
16866
16871
16875
16882
16892
16894
16903
16907
16908
16912
16918
16919
16920
16922
16925
16929
16939
16945
16947
16952
16954
16962
16963
16964
16965
16971
16985
16990
16996
17002
17011
17014
17015
17026
17030
17031
17039
17043
17046
17047
17051
17053
17054
17056
17057
17058
17070
17071
17076
17079
17080
17082
17084
17088
17089
17091
17093
17095
17100
17101
17103
17107
17110
17112
17115
17117
17124
17126
17131
17133
17134
17135
17138
17140
17146
17154
17156
17161
17164
17166
17169
17174
17178
17183
17195
17196
17200
17203
17205
17209
17219
17221
17222
17223
17224
17226
17232
17233
17237
17247
17248
17253
17255
17257
17262
17266
17275
17279
17284
17303
17311
17312
17316
17319
17323
17328
17329
17331
17349
17352
17353
17355
17357
17361
17363
17365
17366
17368
17373
17378
17379
17383
17387
17389
17391
17395
17396
17413
17415
17422
17424
17432
17438
17440
17446
17448
17450
17453
17454
17456
17458
17460
17461
17465
17471
17474
17476
17478
17479
17485
17486
17487
17488
17490
17492
17504
17509
17511
17514
17515
17517
17518
17520
17522
17525
17534
17548
17552
17553
17568
17573
17580
17582
17585
17586
17593
17604
17616
17620
17626
17633
17654
17661
17662
17669
17671
17672
17677
17681
17682
17689
17692
17700
17701
17702
17713
17717
17718
17722
17726
17732
17734
17735
17739
17741
17742
17743
17745
17751
17752
17757
17762
17763
17764
17769
17774
17780
17781
17786
17791
17792
17802
17815
17829
17836
17838
17842
17843
17848
17856
17861
17862
17863
17864
17865
17866
17883
17884
17887
17892
17897
17901
17902
17910
17917
17921
17924
17932
17937
17943
17947
17948
17949
17950
17954
17955
17959
17963
17964
17965
17966
17969
17972
17976
17980
17983
17994
17995
17998
18007
18009
18012
18013
18018
18028
18032
18035
18040
18047
18048
18053
18057
18063
18065
18069
18072
18073
18078
18080
18083
18093
18098
18100
18102
18105
18106
18117
18123
18133
18143
18147
18148
18160
18169
18180
18181
18192
18200
18203
18204
18206
18211
18214
18215
18218
18228
18231
18246
18249
18251
18263
18269
18271
18273
18275
18276
18285
18287
18291
18298
18299
18302
18303
18306
18311
18314
18315
18316
18321
18331
18332
18333
18354
18358
18360
18368
18371
18381
18383
18384
18385
18386
18388
18389
18390
18391
18402
18403
18406
18409
18413
18414
18415
18419
18422
18424
18436
18438
18445
18451
18452
18456
18458
18460
18464
18465
18466
18479
18487
18503
18505
18507
18508
18518
18525
18527
18537
18538
18544
18545
18551
18555
18562
18563
18572
18573
18575
18578
18583
18585
18586
18591
18598
18599
18603
18605
18606
18608
18613
18614
18624
18625
18630
18639
18646
18649
18650
18651
18654
18657
18659
18661
18662
18663
18664
18665
18670
18677
18680
18694
18697
18698
18704
18706
18710
18713
18717
18719
18727
18735
18737
18744
18745
18746
18747
18753
18757
18763
18765
18767
18768
18782
18784
18787
18801
18803
18808
18819
18823
18825
18831
18832
18837
18838
18839
18844
18847
18849
18854
18857
18861
18864
18867
18879
18886
18890
18893
18894
18900
18905
18906
18909
18914
18917
18920
18923
18925
18926
18927
18931
18932
18935
18939
18940
18946
18951
18952
18953
18955
18964
18979
18987
18993
18994
18999
19002
19004
19005
19009
19011
19014
19015
19017
19018
19027
19030
19031
19041
19044
19054
19057
19063
19065
19066
19067
19068
19070
19082
19084
19091
19094
19095
19099
19103
19104
19106
19107
19113
19115
19116
19127
19130
19134
19137
19143
19144
19149
19153
19158
19165
19166
19168
19173
19180
19181
19185
19188
19191
19196
19202
19207
19210
19216
19220
19225
19226
19231
19232
19236
19237
19241
19242
19248
19267
19270
19273
19277
19282
19286
19287
19292
19294
19295
19296
19301
19305
19307
19317
19318
19319
19324
19329
19332
19339
19341
19343
19347
19351
19354
19359
19360
19363
19364
19368
19370
19371
19373
19376
19381
19382
19384
19386
19388
19390
19395
19407
19409
19434
19438
19439
19440
19444
19445
19446
19448
19450
19454
19463
19475
19480
19481
19484
19490
19492
19493
19496
19499
19503
19522
19527
19529
19533
19537
19539
19541
19544
19545
19546
19550
19554
19564
19566
19568
19570
19572
19573
19574
19575
19577
19578
19579
19581
19585
19588
19594
19598
19609
19611
19615
19616
19619
19625
19628
19630
19631
19632
19633
19634
19639
19641
19643
19644
19647
19649
19655
19662
19664
19672
19674
19677
19679
19682
19690
19697
19699
19702
19710
19716
19726
19728
19730
19734
19740
19741
19746
19749
19750
19753
19761
19769
19770
19771
19778
19780
19781
19791
19804
19806
19807
19808
19810
19812
19814
19818
19827
19828
19845
19858
19859
19860
19862
19865
19867
19878
19881
19884
19886
19888
19890
19894
19898
19900
19901
19904
19911
19913
19914
19916
19918
19922
19928
19930
19932
19942
19945
19947
19952
19961
19963
19971
19972
19974
19982
19984
19985
19987
19988
19992
20002
20007
20009
20014
20015
20019
20023
20035
20039
20044
20045
20048
20051
20055
20057
20058
20070
20074
20079
20086
20092
20097
20102
20105
20112
20113
20114
20119
20124
20127
20132
20139
20149
20154
20155
20162
20168
20169
20173
20174
20180
20188
20190
20195
20196
20197
20199
20200
20205
20214
20217
20220
20222
20233
20236
20242
20243
20244
20245
20255
20256
20257
20260
20261
20262
20265
20267
20272
20275
20279
20280
20284
20286
20287
20295
20302
20304
20311
20313
20319
20326
20327
20328
20329
20330
20331
20334
20336
20337
20340
20344
20349
20351
20355
20366
20370
20379
20381
20383
20390
20391
20393
20396
20398
20403
20404
20418
20424
20434
20438
20444
20449
20452
20453
20454
20458
20471
20473
20474
20475
20485
20493
20506
20513
20514
20523
20524
20532
20533
20536
20537
20539
20546
20549
20553
20554
20555
20556
20557
20558
20563
20566
20568
20570
20572
20574
20579
20584
20588
20592
20602
20605
20606
20611
20616
20622
20629
20644
20649
20655
20658
20660
20661
20667
20671
20673
20682
20686
20692
20694
20695
20696
20700
20703
20704
20708
20709
20710
20721
20722
20723
20725
20736
20742
20743
20750
20751
20753
20758
20759
20761
20763
20770
20779
20781
20782
20783
20790
20792
20795
20811
20813
20815
20816
20817
20818
20824
20828
20831
20834
20835
20838
20842
20843
20845
20852
20853
20856
20858
20859
20861
20862
20874
20882
20888
20891
20896
20897
20899
20902
20905
20908
20910
20916
20923
20924
20928
20932
20933
20935
20940
20950
20951
20969
20973
20976
20980
20983
20985
20988
20994
20996
20997
21000
21003
21012
21014
21017
21023
21027
21031
21033
21043
21044
21054
21057
21064
21071
21073
21074
21076
21080
21085
21087
21088
21092
21095
21103
21105
21106
21112
21113
21118
21119
21131
21135
21139
21143
21144
21150
21151
21153
21154
21158
21161
21166
21174
21180
21181
21195
21196
21199
21204
21205
21206
21208
21217
21227
21231
21232
21234
21238
21239
21240
21243
21245
21248
21259
21262
21270
21272
21274
21275
21280
21284
21288
21292
21293
21297
21305
21306
21308
21309
21310
21322
21328
21338
21345
21351
21360
21365
21369
21386
21387
21393
21399
21403
21404
21413
21415
21416
21417
21418
21422
21423
21429
21433
21435
21437
21439
21440
21446
21455
21458
21466
21467
21469
21472
21474
21480
21488
21491
21495
21498
21510
21522
21524
21528
21531
21533
21535
21538
21539
21540
21549
21558
21563
21564
21566
21573
21577
21578
21582
21585
21588
21591
21593
21594
21597
21601
21602
21604
21605
21615
21621
21630
21631
21633
21634
21637
21639
21647
21649
21650
21651
21653
21654
21656
21661
21662
21674
21675
21685
21693
21695
21703
21706
21720
21721
21723
21732
21734
21736
21743
21748
21758
21760
21761
21765
21774
21776
21777
21778
21782
21783
21795
21796
21798
21803
21815
21819
21825
21827
21834
21849
21850
21861
21863
21864
21865
21867
21869
21870
21871
21874
21877
21878
21881
21882
21888
21890
21892
21898
21900
21903
21906
21922
21924
21930
21932
21938
21942
21945
21947
21962
21964
21973
21974
21975
21983
21991
21992
21997
22005
22006
22011
22025
22026
22028
22034
22037
22040
22041
22048
22049
22053
22054
22055
22062
22063
22070
22071
22072
22074
22079
22080
22084
22089
22090
22093
22100
22105
22109
22112
22118
22122
22123
22129
22135
22142
22143
22145
22146
22159
22163
22164
22167
22168
22169
22175
22178
22189
22190
22194
22200
22202
22213
22220
22221
22238
22239
22240
22248
22249
22250
22254
22256
22257
22258
22261
22264
22265
22269
22270
22271
22276
22278
22286
22291
22292
22293
22299
22303
22304
22306
22307
22308
22310
22314
22317
22318
22320
22326
22329
22334
22336
22350
22352
22361
22364
22368
22370
22375
22376
22382
22383
22385
22388
22394
22395
22399
22402
22408
22410
22412
22418
22422
22432
22435
22448
22449
22450
22451
22453
22458
22459
22472
22479
22499
22500
22506
22508
22510
22516
22521
22522
22529
22535
22539
22540
22542
22552
22557
22561
22563
22564
22570
22571
22577
22579
22586
22588
22591
22594
22596
22604
22608
22609
22618
22622
22627
22628
22634
22636
22641
22645
22648
22657
22658
22659
22662
22665
22674
22675
22680
22682
22684
22688
22689
22690
22691
22692
22693
22697
22699
22702
22708
22710
22713
22716
22724
22735
22740
22743
22745
22748
22755
22762
22763
22768
22769
22770
22771
22773
22776
22777
22781
22786
22788
22790
22793
22794
22796
22797
22799
22800
22812
22817
22826
22829
22835
22838
22843
22844
22847
22858
22866
22873
22875
22877
22881
22882
22884
22885
22899
22900
22904
22907
22924
22925
22930
22931
22938
22939
22943
22944
22949
22951
22957
22962
22967
22969
22970
22973
22977
22979
22982
22983
22991
22993
22994
22997
23002
23003
23004
23006
23010
23012
23016
23018
23021
23024
23027
23032
23035
23043
23052
23056
23060
23061
23065
23068
23070
23072
23074
23077
23079
23090
23096
23099
23100
23102
23106
23113
23114
23126
23128
23138
23139
23155
23157
23158
23159
23163
23164
23165
23171
23175
23182
23190
23192
23194
23198
23207
23217
23219
23221
23222
23224
23231
23240
23241
23245
23251
23254
23260
23261
23263
23280
23283
23289
23297
23300
23311
23313
23314
23320
23334
23338
23352
23353
23361
23362
23371
23372
23377
23381
23386
23389
23390
23391
23398
23407
23419
23425
23438
23439
23446
23449
23451
23452
23462
23463
23473
23475
23477
23478
23481
23485
23491
23492
23500
23507
23514
23515
23522
23524
23527
23528
23530
23536
23548
23564
23566
23570
23574
23581
23584
23590
23602
23607
23609
23610
23618
23623
23629
23634
23635
23637
23644
23648
23652
23653
23656
23659
23660
23661
23662
23667
23671
23672
23674
23677
23684
23685
23694
23696
23700
23703
23705
23714
23719
23725
23732
23737
23738
23746
23747
23754
23767
23772
23776
23781
23786
23789
23791
23796
23797
23804
23805
23808
23822
23823
23825
23830
23832
23833
23836
23847
23848
23851
23854
23862
23863
23864
23866
23887
23891
23897
23898
23899
23900
23918
23921
23924
23929
23930
23933
23934
23936
23938
23944
23948
23952
23959
23964
23969
23972
23977
23978
23983
23984
23996
23997
23998
23999
24003
24008
24010
24012
24018
24020
24021
24022
24030
24041
24043
24044
24051
24057
24058
24068
24072
24074
24079
24084
24094
24096
24099
24101
24104
24106
24110
24111
24113
24119
24121
24122
24134
24135
24136
24137
24141
24144
24148
24157
24158
24163
24169
24177
24179
24189
24193
24194
24197
24200
24201
24205
24206
24208
24212
24213
24218
24219
24221
24223
24224
24228
24229
24233
24244
24247
24250
24252
24255
24256
24257
24258
24262
24264
24268
24269
24272
24284
24285
24288
24291
24294
24297
24300
24313
24319
24323
24325
24329
24333
24334
24336
24338
24341
24342
24344
24349
24351
24355
24356
24358
24360
24361
24365
24367
24373
24374
24375
24380
24383
24387
24395
24398
24400
24403
24404
24405
24409
24420
24428
24441
24445
24446
24447
24450
24457
24461
24463
24465
24467
24476
24480
24484
24486
24488
24491
24492
24496
24498
24502
24507
24511
24512
24514
24515
24516
24520
24521
24527
24528
24533
24534
24535
24539
24541
24543
24549
24551
24557
24561
24566
24567
24569
24575
24579
24581
24583
24587
24588
24589
24591
24592
24600
24602
24605
24607
24616
24618
24622
24625
24636
24639
24641
24642
24644
24661
24668
24676
24677
24678
24679
24680
24681
24685
24690
24695
24700
24706
24710
24713
24720
24721
24725
24733
24735
24742
24745
24746
24747
24750
24753
24755
24758
24762
24763
24764
24767
24774
24780
24785
24791
24792
24793
24795
24796
24798
24802
24803
24805
24807
24814
24818
24822
24828
24833
24834
24835
24837
24839
24842
24844
24851
24859
24865
24873
24874
24881
24887
24889
24891
24902
24904
24906
24911
24919
24923
24931
24932
24935
24936
24939
24943
24957
24962
24965
24968
24971
24975
24980
24983
24986
24999
25004
25016
25017
25019
25020
25022
25023
25026
25027
25030
25034
25037
25044
25046
25050
25053
25056
25064
25066
25070
25073
25077
25082
25083
25089
25092
25095
25097
25098
25099
25100
25105
25106
25110
25115
25117
25136
25140
25144
25149
25150
25160
25162
25165
25167
25168
25170
25174
25175
25177
25178
25187
25189
25190
25191
25192
25198
25199
25201
25203
25206
25210
25212
25220
25221
25236
25242
25243
25244
25245
25247
25251
25256
25261
25264
25267
25269
25270
25275
25276
25278
25280
25288
25289
25290
25298
25300
25301
25306
25307
25316
25318
25321
25324
25326
25330
25331
25337
25339
25341
25346
25350
25352
25362
25363
25371
25380
25381
25385
25388
25389
25391
25393
25405
25413
25419
25420
25422
25424
25428
25431
25438
25439
25446
25447
25449
25457
25460
25462
25463
25467
25477
25478
25479
25480
25484
25489
25494
25495
25496
25502
25504
25514
25516
25531
25532
25534
25536
25538
25543
25546
25549
25558
25559
25561
25567
25571
25574
25578
25579
25581
25582
25591
25593
25596
25599
25600
25605
25608
25609
25611
25614
25615
25616
25619
25621
25624
25625
25628
25644
25649
25650
25651
25652
25659
25662
25665
25667
25668
25682
25690
25696
25697
25700
25712
25713
25714
25718
25719
25727
25731
25734
25738
25746
25748
25750
25757
25762
25763
25765
25768
25777
25783
25786
25787
25789
25792
25797
25801
25807
25808
25810
25812
25814
25816
25817
25820
25833
25838
25840
25843
25852
25853
25856
25857
25859
25862
25872
25874
25880
25884
25886
25891
25899
25901
25905
25909
25912
25915
25917
25920
25926
25928
25930
25931
25939
25941
25942
25943
25947
25953
25961
25968
25969
25970
25974
25975
25976
25984
25992
25993
25995
25996
25998
26000
26001
26003
26007
26008
26018
26027
26029
26034
26040
26045
26049
26058
26060
26068
26076
26077
26081
26083
26088
26092
26093
26106
26110
26116
26124
26126
26129
26130
26137
26141
26144
26146
26155
26162
26164
26168
26177
26178
26183
26184
26186
26200
26204
26207
26226
26230
26234
26241
26248
26256
26258
26267
26269
26271
26274
26286
26290
26291
26292
26293
26294
26295
26296
26300
26302
26305
26308
26311
26312
26320
26322
26331
26332
26341
26342
26344
26351
26353
26361
26362
26376
26386
26391
26396
26404
26405
26412
26413
26414
26416
26421
26424
26427
26430
26442
26449
26451
26456
26462
26467
26476
26485
26488
26491
26493
26495
26498
26499
26501
26502
26505
26507
26509
26513
26519
26521
26522
26523
26526
26532
26535
26541
26546
26552
26554
26565
26570
26571
26572
26576
26578
26586
26588
26592
26598
26599
26601
26607
26614
26617
26632
26636
26637
26644
26646
26649
26652
26656
26660
26662
26667
26671
26684
26693
26695
26699
26704
26708
26716
26722
26723
26724
26728
26729
26734
26737
26740
26742
26743
26744
26746
26761
26762
26764
26776
26778
26783
26789
26794
26795
26797
26815
26818
26824
26832
26840
26842
26843
26846
26850
26859
26870
26873
26877
26879
26881
26883
26890
26891
26893
26899
26905
26911
26913
26915
26918
26922
26928
26937
26943
26944
26956
26959
26964
26968
26975
26982
26985
26986
26987
26990
27000
27002
27004
27007
27009
27016
27019
27024
27026
27042
27047
27048
27050
27052
27059
27068
27071
27072
27073
27075
27080
27089
27091
27094
27096
27101
27104
27106
27110
27124
27128
27129
27131
27132
27135
27136
27137
27138
27139
27143
27144
27147
27152
27153
27155
27163
27169
27170
27175
27176
27178
27179
27185
27188
27191
27202
27205
27211
27215
27216
27221
27231
27232
27235
27251
27258
27266
27267
27268
27273
27274
27275
27278
27280
27284
27285
27286
27298
27301
27306
27308
27309
27312
27315
27317
27318
27319
27321
27323
27324
27325
27330
27333
27338
27351
27354
27358
27371
27375
27382
27388
27390
27391
27399
27402
27404
27405
27408
27415
27419
27425
27426
27427
27431
27432
27434
27438
27440
27442
27444
27447
27453
27454
27455
27460
27470
27472
27473
27476
27487
27488
27492
27493
27497
27499
27502
27506
27510
27516
27517
27521
27522
27525
27533
27537
27538
27546
27552
27553
27557
27562
27571
27582
27585
27597
27605
27607
27609
27619
27623
27625
27627
27635
27636
27638
27639
27642
27645
27646
27650
27656
27658
27673
27678
27681
27684
27686
27703
27704
27706
27709
27710
27712
27724
27729
27730
27731
27738
27743
27744
27745
27746
27749
27751
27758
27760
27768
27769
27773
27777
27780
27786
27792
27795
27802
27809
27813
27814
27823
27826
27831
27832
27838
27845
27850
27855
27856
27862
27867
27871
27873
27879
27901
27908
27911
27929
27931
27934
27938
27939
27940
27942
27944
27953
27954
27961
27962
27973
27981
27984
27986
27989
27994
28000
28001
28003
28008
28009
28014
28017
28024
28025
28027
28033
28035
28036
28038
28045
28051
28052
28059
28063
28064
28068
28080
28081
28086
28092
28096
28098
28103
28107
28110
28113
28114
28124
28126
28133
28138
28140
28148
28151
28155
28157
28161
28162
28167
28169
28174
28178
28179
28185
28187
28196
28208
28210
28212
28214
28216
28220
28221
28223
28227
28231
28248
28267
28270
28272
28273
28280
28281
28288
28292
28300
28301
28302
28305
28307
28311
28314
28320
28326
28331
28347
28352
28354
28357
28360
28363
28375
28380
28381
28383
28385
28393
28394
28397
28399
28400
28401
28402
28408
28411
28417
28428
28433
28434
28437
28439
28444
28447
28449
28456
28457
28462
28467
28469
28474
28476
28487
28512
28515
28518
28519
28525
28529
28530
28536
28538
28539
28548
28556
28557
28558
28559
28564
28568
28570
28577
28584
28585
28595
28605
28609
28611
28613
28615
28617
28619
28620
28622
28623
28625
28626
28627
28636
28646
28650
28653
28655
28659
28662
28665
28675
28677
28680
28681
28685
28688
28694
28699
28703
28705
28708
28712
28716
28724
28733
28736
28742
28748
28750
28763
28765
28766
28767
28773
28780
28785
28786
28790
28791
28794
28797
28799
28804
28806
28810
28813
28817
28819
28822
28825
28826
28828
28833
28834
28837
28840
28847
28848
28854
28858
28864
28865
28866
28872
28873
28876
28883
28887
28890
28892
28893
28896
28897
28906
28912
28917
28919
28921
28924
28926
28927
28930
28934
28937
28938
28941
28942
28948
28953
28958
28964
28966
28972
28975
28978
28981
28993
28994
29003
29005
29007
29023
29034
29039
29053
29057
29060
29068
29069
29079
29083
29088
29089
29090
29092
29099
29104
29110
29117
29118
29120
29121
29140
29143
29149
29150
29151
29152
29153
29160
29173
29174
29189
29190
29192
29203
29205
29209
29212
29219
29220
29225
29226
29230
29231
29232
29244
29246
29249
29250
29252
29256
29257
29264
29269
29270
29274
29278
29280
29283
29286
29289
29293
29295
29299
29300
29307
29309
29310
29311
29314
29315
29318
29330
29336
29337
29338
29341
29343
29345
29346
29348
29360
29363
29364
29367
29377
29378
29380
29389
29390
29392
29400
29404
29412
29413
29415
29417
29423
29426
29429
29433
29444
29447
29468
29473
29480
29482
29483
29487
29488
29492
29494
29497
29498
29502
29505
29511
29513
29515
29518
29527
29540
29542
29544
29548
29552
29561
29576
29578
29583
29587
29589
29593
29596
29599
29606
29610
29611
29613
29616
29620
29623
29625
29634
29636
29639
29641
29643
29650
29653
29654
29655
29659
29665
29666
29678
29681
29682
29692
29693
29699
29703
29704
29707
29710
29711
29714
29717
29724
29729
29732
29735
29741
29744
29748
29754
29755
29759
29765
29772
29777
29779
29783
29791
29792
29794
29796
29801
29803
29806
29807
29808
29813
29819
29822
29829
29837
29839
29844
29848
29854
29856
29860
29864
29865
29866
29870
29874
29875
29876
29879
29880
29881
29883
29884
29888
29893
29894
29897
29901
29903
29905
29911
29917
29925
29927
29935
29940
29941
29943
29944
29959
29960
29963
29966
29967
29974
29977
29980
29982
29986
29988
30000
30002
30006
30008
30009
30014
30024
30025
30029
30039
30047
30048
30049
30052
30055
30058
30062
30063
30069
30075
30077
30078
30083
30084
30086
30088
30093
30101
30102
30103
30104
30113
30114
30116
30117
30119
30120
30128
30135
30136
30139
30141
30144
30152
30153
30154
30157
30158
30160
30165
30166
30170
30171
30172
30177
30183
30198
30200
30205
30207
30208
30218
30225
30227
30228
30231
30232
30233
30234
30237
30240
30241
30244
30245
30254
30255
30257
30266
30267
30269
30270
30271
30272
30279
30280
30295
30297
30304
30310
30313
30314
30316
30317
30318
30321
30324
30325
30331
30352
30355
30362
30365
30374
30376
30377
30378
30381
30383
30391
30394
30399
30400
30403
30407
30408
30413
30414
30415
30423
30426
30428
30429
30432
30436
30437
30439
30440
30444
30446
30449
30451
30453
30458
30463
30467
30470
30486
30487
30489
30490
30492
30495
30496
30497
30499
30505
30511
30513
30516
30517
30520
30521
30524
30533
30534
30535
30537
30539
30541
30545
30550
30560
30564
30567
30570
30571
30573
30574
30575
30582
30587
30591
30595
30597
30600
30604
30605
30606
30609
30610
30616
30632
30635
30636
30641
30643
30645
30646
30652
30667
30676
30680
30684
30687
30688
30694
30695
30696
30699
30700
30708
30709
30710
30712
30724
30730
30731
30734
30737
30738
30743
30744
30749
30750
30752
30753
30769
30772
30777
30782
30783
30786
30791
30792
30795
30804
30811
30814
30818
30819
30820
30827
30829
30830
30834
30837
30838
30841
30849
30856
30866
30874
30879
30882
30887
30888
30894
30895
30902
30904
30905
30909
30913
30914
30923
30924
30929
30930
30933
30940
30945
30959
30960
30963
30967
30968
30971
30974
30977
30978
30979
30988
30992
31000
31004
31007
31011
31015
31017
31019
31023
31026
31029
31031
31035
31038
31048
31061
31062
31064
31072
31079
31083
31086
31087
31098
31103
31105
31107
31113
31119
31122
31126
31127
31128
31130
31136
31138
31144
31149
31155
31160
31163
31164
31165
31166
31169
31171
31173
31191
31194
31195
31201
31207
31208
31209
31213
31214
31227
31229
31230
31240
31241
31246
31249
31253
31255
31260
31269
31274
31276
31282
31284
31285
31286
31288
31293
31297
31300
31302
31311
31318
31322
31329
31338
31339
31345
31351
31352
31355
31358
31361
31365
31369
31375
31378
31380
31391
31395
31397
31412
31414
31418
31419
31431
31434
31435
31442
31445
31450
31454
31459
31467
31471
31476
31481
31488
31493
31495
31496
31501
31505
31506
31510
31512
31521
31522
31523
31531
31534
31539
31542
31544
31549
31552
31556
31562
31575
31576
31583
31584
31586
31587
31591
31593
31596
31600
31603
31607
31623
31626
31634
31635
31636
31645
31648
31649
31650
31654
31655
31657
31658
31665
31666
31674
31677
31678
31684
31687
31691
31693
31696
31698
31700
31703
31707
31711
31715
31720
31726
31728
31737
31747
31749
31756
31757
31761
31765
31773
31775
31776
31783
31809
31819
31830
31831
31837
31840
31854
31855
31863
31865
31868
31875
31880
31884
31887
31888
31896
31899
31902
31904
31907
31923
31925
31927
31945
31947
31953
31955
31957
31959
31960
31961
31969
31970
31976
31979
31985
31987
31991
31993
31998
31999
32002
32003
32005
32009
32011
32016
32022
32025
32026
32028
32033
32042
32044
32056
32058
32059
32062
32069
32070
32071
32075
32076
32078
32081
32085
32087
32090
32091
32099
32107
32109
32119
32121
32122
32127
32131
32140
32141
32142
32143
32144
32149
32167
32168
32173
32181
32188
32189
32190
32194
32202
32204
32206
32210
32215
32217
32218
32220
32224
32226
32227
32232
32233
32235
32247
32251
32252
32256
32257
32261
32262
32263
32267
32274
32275
32283
32289
32290
32291
32295
32299
32308
32309
32312
32316
32318
32321
32325
32326
32341
32346
32350
32353
32361
32363
32364
32365
32366
32367
32369
32376
32378
32382
32387
32398
32400
32401
32403
32404
32410
32411
32416
32417
32418
32419
32431
32432
32436
32437
32443
32444
32453
32455
32458
32460
32471
32472
32477
32479
32483
32484
32486
32488
32491
32492
32502
32505
32508
32513
32515
32522
32523
32526
32538
32539
32542
32557
32564
32570
32573
32592
32601
32602
32603
32604
32607
32609
32613
32617
32621
32623
32624
32626
32627
32629
32631
32647
32652
32659
32661
32662
32669
32670
32679
32683
32703
32708
32713
32715
32718
32720
32721
32730
32734
32736
32737
32741
32743
32744
32754
32761
32763
32771
32772
32773
32775
32783
32787
32790
32791
32792
32794
32808
32818
32830
32831
32839
32844
32850
32857
32860
32870
32873
32874
32877
32883
32884
32885
32899
32903
32905
32908
32931
32934
32937
32952
32954
32956
32959
32967
32968
32971
32972
32979
32982
32983
32990
32991
32994
32996
33000
33003
33011
33020
33032
33034
33042
33043
33050
33052
33057
33058
33062
33067
33070
33071
33076
33081
33084
33085
33087
33099
33108
33112
33117
33118
33122
33126
33127
33128
33130
33137
33146
33148
33153
33159
33160
33162
33164
33167
33169
33170
33174
33177
33179
33180
33181
33186
33188
33194
33198
33202
33204
33206
33214
33217
33229
33230
33234
33235
33236
33237
33242
33243
33249
33250
33252
33255
33257
33258
33268
33271
33272
33277
33285
33292
33301
33305
33307
33310
33312
33313
33315
33318
33323
33325
33328
33329
33336
33339
33347
33350
33351
33357
33360
33363
33368
33380
33386
33392
33405
33412
33414
33415
33416
33419
33421
33429
33434
33438
33440
33445
33447
33448
33451
33452
33453
33457
33461
33463
33466
33471
33478
33489
33490
33493
33502
33505
33509
33510
33514
33515
33516
33523
33528
33530
33534
33540
33542
33550
33558
33560
33561
33572
33573
33575
33584
33589
33596
33598
33599
33603
33611
33617
33624
33638
33640
33643
33644
33645
33646
33647
33649
33650
33654
33662
33670
33683
33688
33693
33694
33700
33709
33711
33718
33728
33730
33732
33734
33750
33753
33754
33762
33764
33767
33770
33780
33781
33788
33797
33798
33808
33819
33821
33831
33832
33834
33836
33838
33842
33845
33847
33851
33854
33857
33859
33864
33867
33870
33871
33877
33890
33895
33897
33899
33905
33907
33919
33922
33923
33926
33933
33934
33939
33940
33943
33950
33960
33970
33975
33983
33985
33996
33998
33999
34002
34009
34012
34017
34018
34019
34022
34026
34032
34036
34037
34040
34053
34063
34064
34068
34070
34071
34080
34083
34088
34097
34101
34106
34108
34109
34115
34118
34121
34123
34124
34125
34128
34131
34145
34150
34153
34160
34162
34168
34173
34179
34187
34188
34189
34190
34201
34202
34204
34206
34231
34233
34234
34235
34238
34243
34246
34249
34250
34254
34256
34258
34259
34262
34270
34278
34279
34280
34281
34283
34287
34289
34297
34300
34307
34313
34318
34321
34327
34330
34334
34336
34341
34346
34347
34354
34358
34373
34376
34381
34385
34388
34398
34408
34414
34417
34421
34426
34429
34433
34434
34437
34442
34448
34449
34452
34454
34459
34460
34463
34484
34489
34493
34500
34513
34516
34519
34529
34530
34537
34540
34547
34548
34553
34554
34555
34558
34567
34568
34571
34578
34579
34581
34585
34588
34589
34595
34596
34597
34598
34600
34601
34607
34608
34609
34611
34627
34630
34633
34637
34639
34646
34648
34651
34653
34663
34664
34675
34676
34690
34693
34700
34701
34702
34705
34711
34715
34720
34721
34722
34723
34724
34745
34746
34747
34748
34750
34754
34758
34760
34761
34766
34769
34780
34781
34783
34787
34789
34797
34799
34804
34805
34807
34809
34810
34813
34821
34824
34828
34830
34831
34835
34836
34845
34853
34855
34856
34871
34881
34890
34892
34893
34907
34909
34917
34919
34923
34930
34933
34938
34940
34944
34946
34948
34949
34952
34964
34967
34968
34971
34989
34998
35004
35011
35016
35021
35022
35023
35024
35026
35027
35028
35039
35042
35051
35054
35059
35068
35070
35076
35079
35081
35089
35092
35095
35096
35104
35106
35121
35124
35127
35132
35146
35147
35148
35149
35157
35162
35175
35179
35182
35188
35190
35195
35196
35201
35202
35207
35208
35209
35213
35223
35226
35235
35246
35248
35256
35258
35263
35267
35269
35272
35276
35279
35281
35282
35283
35285
35286
35293
35294
35306
35310
35311
35313
35317
35325
35326
35327
35336
35337
35338
35339
35340
35343
35346
35347
35348
35354
35357
35360
35362
35363
35364
35369
35371
35373
35377
35378
35381
35387
35391
35403
35404
35405
35411
35414
35417
35418
35420
35422
35429
35430
35434
35439
35440
35446
35451
35453
35454
35456
35457
35459
35460
35462
35465
35470
35475
35490
35491
35500
35501
35502
35506
35508
35509
35516
35524
35526
35528
35529
35530
35531
35544
35546
35548
35549
35551
35553
35554
35555
35560
35566
35570
35575
35581
35591
35594
35595
35599
35603
35608
35609
35613
35622
35624
35626
35632
35633
35643
35645
35651
35655
35656
35658
35662
35665
35666
35674
35675
35677
35683
35684
35685
35688
35690
35692
35697
35700
35701
35704
35711
35713
35715
35718
35725
35731
35734
35735
35738
35740
35744
35750
35755
35757
35758
35761
35763
35775
35782
35783
35785
35788
35790
35792
35796
35797
35798
35799
35803
35810
35811
35819
35820
35823
35827
35835
35837
35846
35847
35854
35855
35857
35858
35859
35860
35861
35862
35866
35871
35873
35880
35882
35883
35910
35916
35919
35926
35927
35929
35934
35935
35936
35939
35940
35941
35945
35949
35952
35953
35954
35957
35963
35965
35966
35973
35979
35990
35991
35996
36004
36006
36007
36009
36018
36019
36020
36024
36025
36027
36030
36033
36038
36041
36049
36052
36055
36058
36063
36067
36068
36072
36085
36087
36090
36092
36094
36100
36102
36106
36107
36119
36128
36134
36141
36143
36148
36149
36152
36153
36154
36155
36157
36158
36163
36164
36166
36169
36175
36180
36183
36186
36195
36196
36199
36201
36208
36228
36231
36237
36238
36251
36252
36254
36279
36286
36287
36289
36293
36298
36300
36301
36305
36307
36311
36312
36314
36317
36320
36322
36323
36325
36330
36331
36333
36337
36339
36343
36349
36353
36356
36357
36358
36359
36361
36363
36370
36374
36376
36377
36379
36382
36386
36388
36389
36393
36395
36398
36400
36404
36408
36414
36415
36422
36425
36426
36427
36436
36441
36445
36446
36448
36464
36470
36473
36474
36476
36477
36482
36489
36491
36497
36500
36501
36506
36520
36524
36530
36531
36537
36539
36542
36545
36550
36558
36568
36573
36574
36578
36588
36591
36593
36595
36598
36599
36600
36606
36609
36610
36611
36614
36615
36616
36618
36621
36623
36624
36627
36632
36634
36635
36651
36663
36667
36672
36673
36679
36681
36686
36693
36698
36706
36710
36714
36715
36723
36726
36727
36732
36737
36738
36743
36749
36750
36755
36763
36771
36774
36778
36785
36786
36789
36819
36832
36836
36838
36845
36850
36851
36853
36858
36862
36863
36872
36879
36883
36886
36889
36891
36901
36905
36907
36909
36919
36921
36924
36925
36927
36929
36934
36935
36941
36948
36955
36965
36975
36981
36982
36993
37006
37007
37009
37012
37022
37024
37028
37030
37032
37034
37035
37039
37041
37043
37046
37049
37053
37056
37059
37061
37062
37063
37065
37066
37068
37078
37079
37081
37083
37084
37087
37090
37092
37098
37099
37102
37103
37120
37121
37122
37130
37137
37143
37146
37149
37160
37165
37166
37177
37178
37179
37181
37182
37189
37191
37199
37203
37208
37212
37213
37214
37215
37233
37235
37237
37240
37245
37246
37248
37250
37251
37255
37259
37260
37265
37269
37271
37276
37279
37296
37297
37300
37301
37303
37310
37311
37315
37320
37322
37324
37325
37327
37328
37330
37333
37334
37343
37346
37355
37357
37358
37361
37368
37370
37371
37377
37385
37390
37396
37397
37412
37414
37417
37418
37421
37425
37429
37432
37435
37438
37439
37440
37442
37446
37456
37464
37468
37469
37476
37480
37485
37488
37491
37493
37494
37495
37504
37506
37515
37517
37519
37522
37528
37531
37532
37538
37545
37548
37554
37558
37560
37561
37566
37570
37572
37577
37588
37590
37598
37605
37611
37613
37616
37618
37619
37620
37626
37628
37630
37646
37648
37664
37672
37673
37674
37686
37687
37689
37690
37693
37698
37702
37704
37712
37718
37727
37728
37729
37738
37742
37743
37747
37748
37753
37758
37761
37772
37779
37783
37788
37792
37796
37797
37799
37801
37806
37822
37826
37840
37841
37843
37844
37848
37859
37863
37866
37867
37869
37870
37872
37877
37879
37881
37883
37887
37891
37899
37902
37905
37906
37909
37916
37925
37928
37931
37933
37934
37935
37937
37943
37944
37945
37949
37950
37951
37955
37962
37966
37967
37969
37976
37977
37978
37981
37982
37984
37989
37995
37999
38000
38003
38010
38011
38022
38023
38028
38029
38030
38031
38036
38039
38041
38043
38044
38046
38047
38049
38051
38052
38053
38054
38058
38060
38068
38070
38078
38083
38084
38088
38090
38091
38098
38112
38119
38124
38126
38130
38150
38154
38163
38173
38179
38183
38185
38187
38190
38193
38198
38205
38207
38208
38211
38215
38217
38222
38224
38231
38233
38235
38238
38248
38254
38260
38262
38266
38271
38278
38279
38285
38287
38289
38291
38299
38302
38304
38307
38312
38317
38320
38321
38326
38327
38328
38333
38334
38335
38340
38341
38342
38344
38345
38347
38349
38365
38368
38373
38381
38387
38390
38391
38393
38395
38399
38410
38419
38420
38431
38432
38433
38439
38446
38448
38449
38451
38452
38457
38466
38476
38478
38479
38482
38484
38485
38491
38492
38493
38497
38499
38511
38515
38518
38519
38528
38533
38536
38545
38547
38549
38551
38555
38556
38558
38562
38563
38566
38571
38574
38576
38577
38579
38580
38581
38586
38589
38591
38598
38613
38617
38618
38622
38628
38629
38630
38633
38635
38637
38639
38643
38648
38649
38650
38652
38656
38658
38670
38675
38676
38681
38682
38683
38691
38693
38710
38711
38716
38717
38718
38719
38731
38735
38744
38748
38750
38753
38756
38761
38770
38772
38782
38783
38785
38790
38791
38795
38796
38799
38804
38811
38816
38818
38822
38823
38828
38829
38837
38838
38840
38842
38844
38847
38849
38852
38854
38855
38858
38861
38872
38878
38879
38880
38885
38887
38890
38892
38897
38898
38900
38902
38908
38911
38913
38921
38931
38935
38937
38943
38946
38948
38950
38956
38958
38963
38970
38976
38977
38980
38991
38994
38996
38999
39001
39004
39006
39008
39011
39012
39013
39023
39026
39027
39037
39039
39044
39049
39055
39056
39059
39060
39067
39076
39080
39083
39097
39102
39104
39109
39113
39118
39121
39126
39132
39138
39140
39141
39149
39153
39158
39170
39178
39179
39187
39192
39196
39201
39213
39217
39220
39222
39223
39224
39230
39233
39235
39236
39237
39241
39245
39250
39260
39268
39271
39272
39273
39275
39277
39281
39286
39288
39294
39301
39308
39310
39311
39318
39322
39325
39329
39333
39347
39349
39350
39352
39353
39368
39369
39372
39379
39380
39384
39386
39387
39391
39392
39396
39397
39398
39399
39404
39407
39409
39412
39414
39420
39431
39435
39436
39447
39452
39455
39471
39474
39476
39477
39480
39486
39488
39489
39490
39495
39496
39499
39504
39514
39519
39520
39521
39528
39530
39531
39537
39540
39544
39553
39566
39574
39584
39588
39589
39591
39601
39606
39616
39619
39622
39628
39631
39640
39646
39650
39651
39659
39664
39665
39666
39670
39675
39681
39683
39687
39691
39692
39696
39709
39714
39716
39719
39723
39724
39725
39732
39735
39737
39739
39745
39747
39749
39757
39760
39763
39765
39769
39773
39774
39777
39780
39792
39793
39794
39800
39805
39811
39815
39817
39819
39820
39821
39822
39824
39825
39826
39828
39843
39854
39857
39863
39868
39874
39875
39877
39881
39882
39883
39885
39886
39892
39899
39901
39902
39903
39904
39907
39911
39912
39914
39919
39921
39925
39926
39927
39931
39933
39936
39941
39948
39949
39950
39951
39953
39957
39959
39960
39962
39964
39965
39966
39976
39983
39989
39995
39996
39998
40000
40003
40006
40009
40011
40012
40013
40018
40022
40024
40026
40046
40065
40076
40092
40104
40105
40113
40115
40118
40125
40131
40138
40143
40145
40148
40150
40152
40159
40160
40172
40176
40178
40185
40190
40193
40194
40197
40204
40207
40211
40220
40223
40227
40232
40241
40244
40245
40247
40248
40250
40256
40269
40271
40275
40277
40279
40281
40287
40288
40290
40294
40296
40297
40304
40305
40311
40317
40319
40320
40321
40328
40331
40332
40334
40343
40346
40349
40352
40355
40359
40365
40367
40379
40380
40386
40397
40398
40401
40403
40411
40418
40420
40422
40427
40432
40438
40442
40448
40449
40460
40475
40476
40479
40482
40485
40490
40492
40496
40499
40504
40505
40510
40511
40515
40516
40518
40520
40525
40526
40532
40534
40535
40536
40537
40542
40546
40548
40555
40556
40574
40586
40587
40589
40590
40595
40607
40608
40611
40612
40618
40619
40621
40624
40633
40634
40635
40639
40643
40644
40648
40649
40652
40654
40655
40656
40657
40666
40678
40679
40680
40701
40703
40704
40708
40714
40716
40720
40730
40733
40740
40741
40746
40747
40749
40752
40758
40759
40761
40762
40768
40786
40788
40792
40796
40802
40806
40807
40815
40818
40828
40830
40835
40838
40839
40843
40851
40860
40861
40863
40865
40867
40872
40873
40875
40876
40877
40880
40890
40896
40900
40906
40908
40910
40912
40917
40918
40924
40928
40945
40956
40958
40961
40964
40967
40971
40973
40975
40978
40980
40984
40994
40995
41010
41015
41018
41019
41020
41024
41027
41030
41032
41033
41036
41038
41040
41051
41053
41055
41061
41063
41068
41072
41073
41077
41080
41091
41103
41104
41108
41114
41117
41118
41121
41124
41131
41133
41138
41139
41146
41147
41151
41152
41153
41164
41167
41168
41170
41174
41179
41183
41189
41194
41200
41202
41208
41209
41212
41214
41215
41217
41220
41222
41223
41230
41233
41234
41235
41238
41242
41243
41248
41254
41257
41258
41259
41262
41266
41274
41277
41279
41286
41289
41291
41295
41296
41300
41301
41322
41323
41324
41333
41336
41343
41345
41346
41352
41355
41365
41368
41378
41385
41389
41392
41398
41404
41410
41414
41420
41431
41432
41435
41452
41456
41457
41460
41463
41467
41469
41470
41474
41481
41484
41488
41489
41490
41502
41510
41518
41519
41520
41523
41524
41525
41529
41546
41548
41550
41557
41563
41574
41579
41584
41588
41589
41590
41597
41600
41601
41602
41604
41606
41607
41609
41610
41613
41625
41628
41636
41639
41643
41644
41650
41651
41654
41662
41663
41664
41675
41677
41681
41682
41686
41690
41695
41696
41697
41702
41716
41723
41731
41733
41736
41739
41740
41741
41745
41748
41751
41756
41762
41768
41772
41774
41792
41794
41797
41800
41802
41806
41818
41821
41822
41823
41826
41831
41836
41837
41842
41847
41848
41849
41851
41853
41855
41857
41858
41859
41860
41862
41863
41865
41866
41868
41872
41875
41878
41879
41880
41882
41888
41896
41900
41907
41908
41910
41918
41922
41929
41930
41932
41933
41947
41960
41963
41966
41971
41975
41979
41982
41984
41995
42010
42019
42020
42021
42026
42031
42039
42044
42045
42057
42065
42067
42069
42073
42080
42083
42089
42098
42103
42105
42107
42109
42110
42121
42132
42133
42141
42147
42148
42150
42151
42155
42158
42163
42165
42166
42170
42171
42175
42179
42183
42185
42189
42190
42192
42193
42197
42199
42200
42201
42204
42205
42211
42212
42217
42221
42222
42226
42228
42229
42231
42233
42235
42239
42241
42247
42248
42258
42266
42267
42271
42272
42283
42287
42288
42294
42298
42299
42301
42302
42303
42305
42307
42309
42313
42318
42320
42328
42332
42337
42341
42347
42354
42357
42359
42361
42364
42372
42376
42379
42392
42399
42400
42402
42410
42413
42425
42430
42434
42435
42437
42439
42446
42448
42450
42456
42465
42475
42476
42480
42481
42487
42489
42493
42504
42507
42517
42519
42523
42526
42531
42543
42545
42548
42559
42563
42566
42569
42572
42573
42576
42580
42587
42589
42597
42601
42606
42618
42621
42622
42625
42628
42630
42637
42639
42644
42648
42649
42655
42657
42658
42661
42663
42673
42674
42678
42688
42707
42708
42711
42715
42716
42722
42735
42736
42743
42744
42746
42752
42754
42755
42759
42761
42765
42775
42783
42784
42785
42786
42790
42792
42796
42797
42803
42804
42805
42808
42815
42823
42825
42829
42832
42833
42834
42837
42841
42844
42852
42854
42861
42865
42867
42869
42877
42878
42880
42883
42891
42892
42902
42908
42912
42918
42928
42929
42931
42934
42945
42952
42954
42972
42976
42978
42979
42984
42992
42998
43002
43006
43012
43020
43034
43037
43041
43045
43054
43059
43061
43065
43073
43076
43077
43080
43082
43088
43089
43092
43093
43097
43098
43102
43118
43122
43125
43138
43148
43154
43160
43164
43177
43178
43184
43187
43192
43194
43202
43206
43207
43209
43210
43211
43217
43219
43220
43224
43237
43238
43240
43243
43245
43248
43249
43251
43252
43253
43262
43266
43274
43277
43279
43283
43288
43289
43292
43294
43295
43301
43303
43304
43317
43319
43324
43330
43335
43342
43343
43359
43363
43365
43368
43369
43371
43372
43373
43375
43378
43385
43390
43394
43402
43403
43411
43413
43416
43417
43418
43421
43422
43427
43441
43442
43447
43448
43451
43453
43454
43457
43458
43461
43464
43469
43475
43476
43479
43483
43494
43497
43504
43508
43509
43516
43518
43519
43520
43523
43525
43527
43542
43548
43555
43564
43571
43573
43575
43576
43588
43592
43593
43600
43607
43608
43609
43610
43618
43628
43630
43631
43636
43638
43639
43649
43651
43657
43659
43660
43664
43667
43668
43669
43670
43672
43680
43682
43684
43698
43700
43707
43708
43709
43710
43727
43728
43731
43736
43740
43743
43744
43745
43750
43754
43757
43765
43766
43771
43775
43776
43777
43778
43783
43786
43789
43792
43796
43798
43800
43804
43811
43814
43825
43826
43827
43828
43829
43831
43834
43835
43836
43838
43847
43849
43859
43860
43861
43862
43865
43867
43875
43893
43898
43907
43908
43909
43911
43918
43923
43924
43928
43930
43935
43944
43945
43947
43948
43949
43951
43961
43963
43965
43967
43968
43969
43970
43972
43977
43980
43984
43988
43989
43992
43993
43996
43998
44001
44002
44004
44005
44017
44019
44026
44027
44029
44031
44034
44035
44037
44038
44039
44045
44051
44053
44067
44074
44075
44080
44082
44084
44097
44107
44116
44120
44122
44126
44134
44136
44138
44139
44141
44143
44145
44148
44149
44165
44167
44168
44170
44171
44175
44176
44178
44185
44191
44193
44204
44208
44210
44211
44217
44220
44225
44230
44231
44232
44235
44243
44245
44253
44257
44263
44266
44272
44273
44275
44281
44290
44294
44296
44297
44298
44299
44303
44307
44308
44309
44311
44318
44319
44320
44324
44328
44334
44350
44351
44359
44367
44369
44370
44372
44383
44389
44397
44409
44411
44412
44415
44418
44426
44430
44434
44436
44443
44448
44454
44455
44459
44461
44463
44464
44466
44468
44470
44475
44476
44480
44482
44484
44494
44497
44498
44500
44508
44512
44519
44520
44529
44533
44535
44541
44542
44543
44544
44545
44546
44549
44552
44553
44557
44559
44568
44572
44574
44580
44582
44589
44590
44591
44592
44599
44601
44609
44613
44616
44618
44619
44624
44625
44630
44634
44635
44637
44643
44645
44647
44653
44654
44662
44666
44668
44674
44675
44679
44680
44686
44700
44707
44709
44715
44719
44721
44725
44731
44741
44742
44743
44746
44749
44764
44770
44771
44773
44774
44777
44778
44780
44785
44794
44799
44802
44805
44806
44820
44827
44830
44831
44841
44848
44849
44853
44854
44864
44866
44867
44869
44875
44876
44879
44884
44886
44887
44889
44900
44906
44913
44924
44925
44929
44930
44932
44936
44938
44940
44941
44946
44950
44953
44954
44956
44960
44961
44967
44968
44970
44971
44975
45001
45003
45004
45010
45011
45012
45014
45015
45021
45023
45034
45035
45057
45064
45067
45068
45076
45077
45079
45081
45082
45085
45088
45089
45096
45097
45099
45102
45103
45105
45106
45109
45113
45117
45118
45123
45126
45143
45156
45157
45163
45166
45175
45176
45182
45186
45188
45190
45194
45195
45196
45200
45201
45202
45210
45213
45214
45218
45228
45229
45232
45233
45238
45239
45242
45246
45254
45259
45262
45264
45265
45270
45272
45283
45288
45289
45296
45297
45301
45304
45308
45312
45313
45314
45316
45328
45331
45333
45339
45340
45344
45347
45348
45349
45357
45358
45359
45362
45364
45370
45373
45380
45383
45384
45387
45389
45390
45391
45393
45395
45397
45402
45403
45404
45406
45410
45412
45413
45415
45419
45423
45425
45427
45434
45438
45445
45455
45456
45457
45466
45475
45483
45484
45485
45488
45494
45502
45507
45509
45513
45516
45525
45531
45546
45548
45555
45556
45559
45564
45565
45567
45569
45575
45579
45583
45584
45590
45594
45599
45600
45601
45602
45603
45604
45606
45609
45615
45621
45625
45642
45652
45654
45656
45661
45666
45667
45670
45674
45675
45679
45682
45685
45686
45687
45689
45692
45699
45700
45701
45711
45715
45716
45737
45744
45757
45763
45768
45769
45780
45785
45787
45793
45795
45800
45805
45810
45821
45822
45823
45825
45827
45834
45845
45856
45859
45866
45867
45875
45877
45881
45886
45895
45904
45911
45919
45927
45928
45931
45936
45940
45949
45951
45956
45973
45977
45980
45982
45983
45985
45991
46000
46005
46019
46021
46026
46041
46046
46051
46053
46054
46060
46073
46080
46086
46092
46095
46106
46108
46109
46110
46113
46114
46116
46118
46125
46127
46130
46137
46139
46141
46146
46147
46148
46159
46162
46173
46177
46179
46190
46192
46194
46196
46200
46203
46205
46213
46224
46233
46235
46237
46240
46253
46255
46259
46268
46276
46277
46279
46281
46287
46290
46294
46297
46299
46303
46304
46308
46311
46318
46323
46324
46326
46328
46330
46338
46339
46343
46344
46358
46362
46366
46367
46369
46380
46385
46393
46394
46398
46399
46405
46406
46409
46410
46419
46420
46430
46434
46439
46448
46457
46458
46463
46471
46474
46478
46480
46483
46486
46491
46507
46509
46512
46513
46514
46521
46522
46523
46534
46538
46541
46544
46547
46548
46553
46554
46561
46562
46563
46564
46568
46576
46585
46586
46588
46589
46592
46593
46594
46598
46603
46607
46613
46614
46619
46622
46625
46630
46631
46632
46633
46634
46637
46643
46652
46655
46657
46658
46665
46667
46673
46674
46678
46680
46682
46689
46692
46695
46697
46701
46706
46717
46718
46724
46725
46727
46730
46731
46732
46738
46740
46741
46749
46750
46756
46758
46759
46763
46766
46770
46782
46786
46794
46796
46800
46802
46807
46810
46822
46823
46825
46827
46828
46831
46837
46839
46840
46843
46859
46864
46865
46866
46870
46871
46872
46873
46874
46876
46881
46889
46891
46893
46895
46897
46898
46899
46901
46902
46907
46910
46914
46922
46923
46934
46935
46936
46939
46943
46945
46949
46956
46957
46964
46969
46977
46981
46987
46990
46992
46993
47010
47017
47022
47034
47040
47042
47044
47048
47050
47060
47061
47068
47074
47083
47089
47093
47102
47104
47105
47106
47108
47109
47123
47127
47136
47139
47140
47142
47143
47162
47163
47168
47176
47178
47182
47184
47190
47198
47201
47204
47205
47207
47208
47210
47213
47215
47220
47221
47223
47226
47227
47237
47239
47242
47243
47253
47254
47255
47261
47263
47266
47267
47271
47274
47279
47281
47282
47298
47300
47309
47314
47316
47317
47320
47321
47324
47326
47328
47329
47331
47332
47335
47336
47337
47339
47342
47351
47353
47355
47362
47365
47370
47375
47377
47379
47381
47386
47389
47390
47397
47398
47401
47402
47404
47413
47418
47421
47423
47425
47428
47431
47433
47444
47446
47453
47456
47457
47458
47468
47470
47473
47478
47483
47486
47487
47495
47500
47502
47508
47519
47520
47523
47525
47535
47540
47546
47549
47550
47554
47557
47560
47563
47564
47568
47579
47581
47584
47585
47588
47594
47599
47605
47606
47616
47617
47618
47631
47632
47633
47639
47642
47643
47645
47651
47656
47668
47670
47676
47677
47678
47680
47681
47685
47689
47691
47692
47693
47695
47701
47702
47703
47711
47716
47718
47726
47730
47737
47740
47745
47749
47750
47753
47754
47761
47763
47766
47771
47774
47779
47799
47802
47804
47805
47812
47824
47834
47845
47846
47849
47850
47852
47862
47863
47865
47866
47872
47882
47900
47904
47906
47910
47911
47912
47916
47917
47925
47926
47930
47931
47943
47946
47948
47951
47958
47966
47968
47969
47972
47980
47981
47987
47989
47991
47994
47995
47998
48000
48001
48003
48009
48013
48014
48015
48016
48018
48021
48024
48025
48026
48030
48032
48036
48037
48039
48053
48054
48059
48069
48071
48074
48075
48078
48086
48089
48090
48094
48096
48099
48100
48105
48108
48109
48113
48115
48117
48119
48122
48128
48130
48132
48134
48136
48138
48141
48145
48147
48148
48161
48169
48174
48183
48185
48186
48187
48189
48191
48197
48200
48209
48210
48212
48217
48224
48227
48228
48232
48234
48235
48239
48244
48246
48251
48252
48254
48257
48259
48261
48266
48269
48270
48275
48280
48288
48289
48291
48293
48294
48295
48300
48310
48315
48316
48317
48318
48321
48323
48324
48327
48337
48344
48346
48347
48349
48350
48355
48358
48359
48363
48364
48365
48366
48375
48377
48378
48382
48389
48392
48395
48397
48410
48412
48415
48416
48419
48424
48428
48429
48430
48440
48454
48458
48470
48476
48484
48485
48489
48492
48493
48494
48501
48502
48506
48508
48514
48516
48518
48520
48531
48539
48546
48554
48556
48557
48560
48563
48564
48571
48580
48584
48587
48589
48595
48598
48603
48608
48612
48617
48618
48629
48631
48635
48636
48639
48643
48651
48653
48663
48667
48669
48671
48676
48677
48681
48683
48685
48687
48691
48709
48719
48728
48729
48733
48739
48740
48748
48749
48754
48760
48763
48777
48778
48779
48782
48784
48787
48788
48790
48792
48799
48800
48818
48842
48844
48845
48846
48847
48850
48851
48852
48855
48856
48859
48861
48869
48870
48875
48881
48885
48891
48892
48898
48901
48906
48908
48915
48917
48924
48926
48930
48931
48933
48939
48946
48954
48958
48962
48968
48970
48971
48972
48976
48978
48979
48986
49004
49006
49016
49018
49020
49021
49030
49045
49050
49055
49060
49066
49067
49068
49075
49078
49080
49081
49089
49091
49092
49096
49100
49107
49122
49128
49130
49137
49142
49143
49146
49149
49150
49151
49156
49164
49168
49169
49173
49174
49176
49178
49182
49189
49196
49200
49205
49212
49219
49221
49222
49223
49225
49227
49230
49236
49245
49248
49255
49259
49263
49268
49275
49276
49297
49298
49303
49305
49306
49307
49308
49314
49325
49326
49337
49339
49340
49343
49344
49345
49346
49348
49349
49354
49356
49359
49362
49369
49371
49373
49375
49376
49383
49387
49394
49401
49409
49410
49416
49419
49420
49423
49426
49430
49436
49438
49439
49441
49443
49450
49468
49469
49471
49482
49483
49487
49490
49491
49494
49497
49498
49499
49503
49505
49507
49510
49511
49513
49515
49517
49525
49526
49527
49528
49530
49535
49538
49544
49554
49555
49556
49557
49559
49560
49561
49562
49566
49569
49582
49585
49587
49593
49594
49595
49598
49604
49613
49614
49615
49616
49619
49628
49633
49635
49641
49643
49644
49651
49656
49658
49660
49668
49671
49672
49674
49675
49676
49678
49683
49693
49698
49700
49701
49705
49708
49710
49711
49716
49717
49721
49723
49728
49729
49733
49734
49735
49739
49741
49742
49748
49755
49756
49759
49761
49777
49799
49802
49819
49835
49837
49847
49856
49858
49863
49868
49869
49871
49875
49877
49881
49891
49894
49913
49914
49919
49921
49922
49930
49932
49933
49940
49941
49973
49975
49982
49984
49992
49994
49999
